1.707387867301814869e-05
7.491197842535020867e-05
5.408328826392645077e-04
5.044899606497830975e-05
5.382131324004305224e-04
1.727414061150457723e-04
1.711742553919890354e-04
1.640958319658680580e-04
5.250997689561016284e-05
1.269680040629761193e-04
5.833965346245843179e-05
1.139341460635752537e-04
5.020332346001305369e-05
1.247660636306924622e-04
4.918355301987015215e-05
1.210800339024094979e-04
3.001921229586935555e-05
3.208521833991080310e-05
3.082519034555038093e-05
2.680965147453082971e-05
2.501438327038046797e-05
3.074841645655248889e-05
3.219471362802227965e-05
2.600036400509607291e-05
1.261622699115602409e-05
7.117437722419928516e-05
2.223111466808945760e-05
7.082654578936185526e-05
1.432069770439215856e-05
6.816632583503749699e-05
2.252810380950235415e-05
7.052186177715091288e-05
1.102657404344470202e-04
1.152472052552725660e-04
1.173846695621551771e-04
1.105583195135433978e-04
1.185958254269449738e-04
1.118818527634817586e-04
1.005328239670252307e-04
9.902951079421667383e-05
6.974473427256241856e-05
7.919537499010057924e-05
6.440808965606079810e-05
8.694896095991653455e-05
5.294086505373497484e-05
5.575689991636465263e-05
2.600705831562686121e-06
8.444733441988902796e-06
3.019323671497584397e-04
2.288329519450800920e-03
1.968891514077574303e-04
2.272727272727272617e-03
2.040816326530612429e-03
2.099076406381192219e-04
2.267573696145124777e-03
6.877579092159559915e-04
6.821282401091405224e-04
6.369426751592356358e-04
6.397952655150351657e-04
5.955926146515783722e-04
6.317119393556537782e-04
6.020469596628537021e-04
6.761325219743069548e-04
1.860465116279069655e-04
4.659832246039142438e-04
1.335470085470085604e-04
4.440497335701598745e-04
1.725625539257980988e-04
3.889537145079735537e-04
1.628134158254640289e-04
4.310344827586206837e-04
9.057971014492753733e-05
8.200754469411185256e-05
9.450902561194594008e-05
8.247422680412370998e-05
8.035355564483727820e-05
8.382932349735937967e-05
8.225713580653121778e-05
6.920894179527995198e-05
3.420791571169568576e-05
2.619858527639507689e-04
9.170105456212746193e-05
2.015722636565208650e-04
5.393161471254449358e-05
2.379819133745835239e-04
6.889899407468651595e-05
1.758087201125175842e-04
2.564760194921774598e-04
4.118616144975288359e-04
4.295532646048109884e-04
3.732736095558044070e-04
2.977076510866329324e-04
3.992015968063872028e-04
3.829950210647261504e-04
3.003905076599579509e-04
1.623640201331385028e-04
2.902757619738751587e-04
1.913509376195943407e-04
3.614022406938923143e-04
1.305994514823037871e-04
2.683843263553408473e-04
2.446183953033267966e-04
9.929697740000794349e-06
3.022061045633121779e-04
2.079002079002079117e-03
2.055498458376156263e-04
2.188183807439824866e-03
2.070393374741200977e-03
2.012072434607645828e-04
1.838235294117647033e-03
6.056935190793458343e-04
6.009615384615384949e-04
6.591957811470006059e-04
6.706908115358819426e-04
6.557377049180327863e-04
6.514657980456026350e-04
6.406149903907751037e-04
6.027727546714888290e-04
1.777145903678692147e-04
4.315925766076823475e-04
2.116402116402116491e-04
4.606172270842929638e-04
1.919017463058913717e-04
4.854368932038834747e-04
2.099076406381192219e-04
4.070004070004069820e-04
7.006235549639178552e-05
7.399186089530151555e-05
6.594566077552097613e-05
7.510890791647889596e-05
7.782101167315175639e-05
8.830801836806781793e-05
6.517205422314911538e-05
7.854225573358466659e-05
3.359537727608680858e-05
1.633986928104575050e-04
7.809449433814916544e-05
2.277904328018223344e-04
5.612932195779074730e-05
1.998401278976818499e-04
1.017087062652563030e-04
2.071251035625517700e-04
3.943217665615141834e-04
3.109452736318407901e-04
3.105590062111801357e-04
3.886513797123979748e-04
3.858024691358024477e-04
3.796507213363705573e-04
3.610108303249097276e-04
3.710575139146567560e-04
2.509410288582183002e-04
2.790957298353335361e-04
1.617861187510111665e-04
3.317850033178500321e-04
2.445585717779408296e-04
2.776235424764020234e-04
1.970831690973590773e-04
1.049207848074703622e-05
2.999400119976004548e-04
2.232142857142857019e-03
2.044989775051124937e-03
2.188183807439824866e-03
2.232142857142857019e-03
6.872852233676976464e-04
7.117437722419929329e-04
6.561679790026246628e-04
6.134969325153374594e-04
6.016847172081829336e-04
6.527415143603133244e-04
7.072135785007072377e-04
7.262164124909222928e-04
2.031281738777168417e-04
5.659309564233163834e-04
2.143163309044149117e-04
4.649000464900046332e-04
1.583029919265474138e-04
4.748338081671415242e-04
1.920122887864823347e-04
5.112474437627812342e-04
1.080613788631942969e-04
1.208167210341911377e-04
1.322401481089658954e-04
1.030502885408079164e-04
8.530239699735562089e-05
9.498480243161094188e-05
1.177578897786151716e-04
1.103509159126020813e-04
7.910766553279013327e-05
2.868617326448651486e-04
9.684292078249080065e-05
2.541296060991105358e-04
4.958349861166203910e-05
1.745505323791237643e-04
6.431695394906097863e-05
2.599428125812321046e-04
4.009623095429029616e-04
4.156275976724854606e-04
4.029008863819500243e-04
4.203446826397646066e-04
4.078303425774877839e-04
3.511235955056179678e-04
2.852253280091271914e-04
4.027386226339106081e-04
2.579979360165118472e-04
3.075030750307503166e-04
2.051702913418137000e-04
3.633720930232558089e-04
2.117298327334321420e-04
1.315097317201472868e-04
1.006968220082974176e-05
2.596053997923156728e-04
2.057613168724280010e-03
1.825483753194596622e-04
2.118644067796610162e-03
2.267573696145124777e-03
2.304147465437788016e-03
6.752194463200540632e-04
6.161429451632779086e-04
5.698005698005697639e-04
6.626905235255135893e-04
6.915629322268326785e-04
7.102272727272727470e-04
7.331378299120234598e-04
6.915629322268326785e-04
2.434867299732164554e-04
4.909180166912125581e-04
1.670564650851987952e-04
4.405286343612334994e-04
2.030456852791878112e-04
5.319148936170212854e-04
2.219755826859045602e-04
4.911591355599213794e-04
9.830908375933935909e-05
1.099868015838099489e-04
9.048136083966702812e-05
7.257420712678714378e-05
8.950147677436678137e-05
1.136751165169944290e-04
1.283532280836862923e-04
9.736150326161035519e-05
8.001280204832772859e-05
2.632964718272774924e-04
6.454111268878274794e-05
1.742463843875239520e-04
5.315473342901185205e-05
2.440214738897023006e-04
8.424599831508003465e-05
2.375861249703017377e-04
3.752345215759849903e-04
4.541326067211625631e-04
4.178854993731717757e-04
3.190810465858328238e-04
3.562522265764160936e-04
3.685956505713232573e-04
3.785011355034065099e-04
3.865481252415925548e-04
2.266032177656922774e-04
3.220611916264090276e-04
2.595380223202698941e-04
3.347840642785403610e-04
1.372118551042810148e-04
2.169197396963123547e-04
1.129509566946032083e-05
2.569373072970195329e-04
9.746588693957114469e-04
9.009009009009008931e-03
6.600660066006600740e-04
1.075268817204301161e-02
1.058201058201058272e-03
9.259259259259258745e-03
7.733952049497293518e-04
9.259259259259258745e-03
2.415458937198067518e-03
2.369668246445497811e-03
2.087682672233820251e-03
2.427184466019417265e-03
2.439024390243902437e-03
2.409638554216867682e-03
2.183406113537117790e-03
2.277904328018223127e-03
5.927682276229993613e-04
1.400560224089635866e-03
2.253775073247689940e-04
1.577287066246056734e-03
5.327650506126797771e-04
1.088139281828074019e-03
4.405286343612334994e-04
1.455604075691412005e-03
2.143163309044149117e-04
2.469745616201531177e-04
2.579313902501934692e-04
2.054653790836244074e-04
1.882884579175296569e-04
2.334812047630165836e-04
2.770850651149903252e-04
1.620482903905363827e-04
1.344628210299851970e-04
6.920415224913494586e-04
3.000300030003000534e-04
4.407227853680035405e-04
1.403902849922785312e-04
8.368200836820083180e-04
2.775464890369137090e-04
4.690431519699812379e-04
8.695652173913043801e-04
1.207729468599033759e-03
1.536098310291858678e-03
1.131221719457013676e-03
7.598784194528875350e-04
1.251564455569461861e-03
1.226993865030674919e-03
1.201923076923076990e-03
3.980891719745223130e-04
1.149425287356321823e-03
6.165228113440197368e-04
1.333333333333333289e-03
2.263467632412856476e-04
9.199632014719411142e-04
7.880220646178093518e-04
1.426533523537803182e-03
3.669186174506494603e-05
1.300897619357356495e-04
2.657454158915758548e-04
1.066098081023454137e-03
8.547008547008547868e-03
7.501875468867217050e-04
9.433962264150943036e-03
1.026694045174538026e-03
6.802721088435373896e-03
7.012622720897615514e-04
7.633587786259541687e-03
2.237136465324384739e-03
2.347417840375586907e-03
2.531645569620253212e-03
2.659574468085106318e-03
2.415458937198067518e-03
2.173913043478260896e-03
1.890359168241966025e-03
2.105263157894736795e-03
5.503577325261419743e-04
1.239157372986369283e-03
3.982477100756670585e-04
1.517450682852807334e-03
5.431830526887560613e-04
1.172332942555685733e-03
4.930966469428008135e-04
1.222493887530562342e-03
2.274795268425841750e-04
2.201188641866607852e-04
2.889338341519792131e-04
2.794076557697680943e-04
2.374169040835707621e-04
2.421307506053268772e-04
1.931620629708325192e-04
1.968116512497539909e-04
9.593246354566385139e-05
6.501950585175552810e-04
2.579313902501934692e-04
6.925207756232686996e-04
1.395868230039084331e-04
8.539709649871904265e-04
2.959455460195324172e-04
5.546311702717693229e-04
7.423904974016332266e-04
1.106194690265486710e-03
1.428571428571428570e-03
1.322751322751322678e-03
1.063829787234042571e-03
1.582278481012658203e-03
1.377410468319559267e-03
6.671114076050699932e-04
6.097560975609756092e-04
1.030927835051546415e-03
4.666355576294913769e-04
1.222493887530562342e-03
4.098360655737704914e-04
1.012145748987854262e-03
8.833922261484098825e-04
1.237623762376237639e-03
4.171533455698314669e-05
1.299545159194281875e-04
2.520161290322580575e-04
1.063829787234042571e-03
9.259259259259258745e-03
7.800312012480499491e-04
8.333333333333333218e-03
1.092896174863387977e-03
7.575757575757575968e-03
7.097232079488999560e-04
6.097560975609756309e-03
2.227171492204899680e-03
2.242152466367712971e-03
2.525252525252525467e-03
2.570694087403598786e-03
2.283105022831050102e-03
2.197802197802197800e-03
2.227171492204899680e-03
1.883239171374764516e-03
4.743833017077798953e-04
1.438848920863309384e-03
5.871990604815032150e-04
1.351351351351351426e-03
5.865102639296187678e-04
1.529051987767584110e-03
6.215040397762585040e-04
1.184834123222748906e-03
2.145922746781115764e-04
2.315350775642509729e-04
1.734906315058986747e-04
2.149613069647463503e-04
2.146844139115500335e-04
2.364625206904705582e-04
1.388888888888888888e-04
2.024701356549908800e-04
9.183579759390210202e-05
6.134969325153374594e-04
2.491280518186347686e-04
8.368200836820083180e-04
1.471453796350794506e-04
6.752194463200540632e-04
2.760905577029265862e-04
5.938242280285035892e-04
9.708737864077669494e-04
7.710100231303006592e-04
7.168458781362007162e-04
1.282051282051282050e-03
1.225490196078431356e-03
1.386962552011095735e-03
1.375515818431911983e-03
1.328021248339973344e-03
6.729475100942126573e-04
1.023541453428863891e-03
4.411116012351124762e-04
1.179245283018867880e-03
5.998800239952009096e-04
1.085776330076004392e-03
6.631299734748010268e-04
1.230012300123001267e-03
3.787304953794879737e-05
1.280409731113956362e-04
2.555583950932788077e-04
1.044932079414838139e-03
9.433962264150943036e-03
8.103727714748784052e-04
9.009009009009008931e-03
1.092896174863387977e-03
7.246376811594202987e-03
7.418397626112759914e-04
6.711409395973154217e-03
2.192982456140350755e-03
2.392344497607655409e-03
2.551020408163265103e-03
2.288329519450800920e-03
2.217294900221729488e-03
2.207505518763796908e-03
2.288329519450800920e-03
1.766784452296819765e-03
4.995004995004995001e-04
1.501501501501501488e-03
5.479452054794520157e-04
1.377410468319559267e-03
4.535147392290249662e-04
1.694915254237288086e-03
4.943153732081067252e-04
1.085776330076004392e-03
1.799208348326736110e-04
2.145462347135807673e-04
1.469291801351748587e-04
1.973943939992104150e-04
2.124044180118946513e-04
2.286236854138088629e-04
1.624167614097774839e-04
1.883239171374764570e-04
8.856611460455229411e-05
5.167958656330748921e-04
2.285191956124314435e-04
6.131207847946045040e-04
1.579529300268519936e-04
5.146680391147710190e-04
3.808073115003808161e-04
5.500550055005500255e-04
1.034126163391933893e-03
7.776049766718506982e-04
1.169590643274853823e-03
1.567398119122256992e-03
1.422475106685633069e-03
8.403361344537815629e-04
9.708737864077669494e-04
1.090512540894220334e-03
7.987220447284344715e-04
1.002004008016031981e-03
4.985044865403788234e-04
1.215066828675577049e-03
6.811989100817438447e-04
1.090512540894220334e-03
4.364906154517677727e-04
1.282051282051282050e-03
4.267121826328141622e-05
1.317870321560358539e-04
2.685284640171858145e-04
1.226993865030674919e-03
9.174311926605505096e-03
7.541478129713424143e-04
7.518796992481202590e-03
1.109877913429522774e-03
8.474576271186440649e-03
9.157509157509157501e-04
8.695652173913043584e-03
2.906976744186046471e-03
2.341920374707259951e-03
1.862197392923649894e-03
2.403846153846153980e-03
2.341920374707259951e-03
2.392344497607655409e-03
2.680965147453083161e-03
2.577319587628865930e-03
6.188118811881188194e-04
1.745200698080279266e-03
5.138746145940390657e-04
1.919385796545105497e-03
7.468259895444361984e-04
1.191895113230035698e-03
4.572473708276177259e-04
1.923076923076923184e-03
4.068348250610252120e-04
2.149613069647463503e-04
2.034174125305126060e-04
2.667377967457988577e-04
3.299241174529858080e-04
2.155172413793103418e-04
1.736111111111111177e-04
2.766251728907330497e-04
1.532097441397272850e-04
8.319467554076539302e-04
3.053435114503816870e-04
5.767012687427912516e-04
1.472537181563834496e-04
7.401924500370095882e-04
1.678979180658159913e-04
5.291005291005291362e-04
7.407407407407407040e-04
1.436781609195402279e-03
1.739130434782608760e-03
7.462686567164179179e-04
6.016847172081829336e-04
1.280409731113956416e-03
1.058201058201058272e-03
9.718172983479105411e-04
5.546311702717693229e-04
1.273885350318471272e-03
6.506180871828237287e-04
1.577287066246056734e-03
4.882812500000000000e-04
1.118568232662192369e-03
7.645259938837920552e-04
1.555209953343701396e-03
4.599392880139821727e-05
1.363698349924996579e-04
3.110419906687402576e-04
1.199040767386091045e-03
1.020408163265306041e-02
8.568980291345330369e-04
9.009009009009008931e-03
1.114827201783723503e-03
8.620689655172413673e-03
7.861635220125786586e-04
1.136363636363636395e-02
2.475247524752475278e-03
2.564102564102564100e-03
2.500000000000000052e-03
2.247191011235955254e-03
2.202643171806167605e-03
2.409638554216867682e-03
2.123142250530785525e-03
2.531645569620253212e-03
6.802721088435373679e-04
1.543209876543209791e-03
6.218905472636815802e-04
1.736111111111111015e-03
6.587615283267457458e-04
1.620745542949756810e-03
4.926108374384236075e-04
1.600000000000000077e-03
3.558718861209964664e-04
2.072109407376709390e-04
2.965599051008303887e-04
3.617945007235889745e-04
3.410641200545702612e-04
2.210921954455007837e-04
2.698327037236913136e-04
2.002402883460152171e-04
1.398601398601398600e-04
8.012820512820512543e-04
3.671071953010278800e-04
7.440476190476190063e-04
2.021835826930853096e-04
7.418397626112759914e-04
2.695417789757412652e-04
6.349206349206349201e-04
1.216545012165450154e-03
1.385041551246537399e-03
1.302083333333333261e-03
1.367989056087551281e-03
1.353179972936400643e-03
1.501501501501501488e-03
1.256281407035175898e-03
1.121076233183856486e-03
5.017561465127947469e-04
1.051524710830704489e-03
7.716049382716048954e-04
1.375515818431911983e-03
6.464124111182934515e-04
1.197604790419161663e-03
6.485084306095978976e-04
1.314060446780551932e-03
3.472222222222222219e-05
1.343544269783689430e-04
2.863688430698740103e-04
1.098901098901098900e-03
6.896551724137930939e-03
7.163323782234956799e-04
9.615384615384615918e-03
1.277139208173691011e-03
9.803921568627450844e-03
7.077140835102618778e-04
8.695652173913043584e-03
2.369668246445497811e-03
2.433090024330900308e-03
2.457002457002456942e-03
2.298850574712643646e-03
2.247191011235955254e-03
2.551020408163265103e-03
2.512562814070351796e-03
2.036659877800407140e-03
6.035003017501508861e-04
1.540832049306625632e-03
6.397952655150351657e-04
1.934235976789168291e-03
6.195786864931846416e-04
1.642036124794745431e-03
6.468305304010349812e-04
1.457725947521865866e-03
2.181025081788440505e-04
2.581311306143521103e-04
2.906976744186046471e-04
3.154574132492113793e-04
2.828054298642534189e-04
3.679175864606328179e-04
2.938583602703497173e-04
2.840102243680772448e-04
1.326611833377553599e-04
5.305039787798407997e-04
2.338634237605238570e-04
8.389261744966442771e-04
1.921598770176787094e-04
7.047216349541931234e-04
3.257328990228013175e-04
7.704160246533128158e-04
1.358695652173913006e-03
1.012145748987854262e-03
1.197604790419161663e-03
1.103752759381898454e-03
9.950248756218904849e-04
1.416430594900849925e-03
1.398601398601398600e-03
1.474926253687315614e-03
9.157509157509157501e-04
9.803921568627450844e-04
5.649717514124293983e-04
1.336898395721925056e-03
8.319467554076539302e-04
1.013171225937183452e-03
7.942811755361397488e-04
1.582278481012658203e-03
3.281701233919664143e-05
1.255177607631479916e-04
2.787068004459308758e-04
1.140250855188141427e-03
8.000000000000000167e-03
7.256894049346879509e-04
7.874015748031495954e-03
1.199040767386091045e-03
9.009009009009008931e-03
9.469696969696969960e-04
8.620689655172413673e-03
2.277904328018223127e-03
2.325581395348837177e-03
2.331002331002331000e-03
2.227171492204899680e-03
2.538071065989847518e-03
2.832861189801699851e-03
2.392344497607655409e-03
2.283105022831050102e-03
3.389830508474576498e-04
1.269035532994923759e-03
8.136696501220504240e-04
1.760563380281690181e-03
4.752851711026615943e-04
1.757469244288224850e-03
7.993605115907273994e-04
1.400560224089635866e-03
2.113718030014795932e-04
2.045826513911620391e-04
2.434274586173320438e-04
2.576655501159495049e-04
2.191060473269062277e-04
2.291475710357470286e-04
3.206155819172811861e-04
2.198768689533861140e-04
1.742463843875239520e-04
4.948045522018803058e-04
1.622849724115546868e-04
7.309941520467835852e-04
1.828153564899451656e-04
3.557452863749555180e-04
2.977963073257891861e-04
7.763975155279502580e-04
1.240694789081885855e-03
6.802721088435373679e-04
1.034126163391933893e-03
1.272264631043257092e-03
1.466275659824046920e-03
8.163265306122449282e-04
1.027749229188078131e-03
1.545595054095826862e-03
1.081081081081081098e-03
1.236093943139678509e-03
3.055300947143293534e-04
1.251564455569461861e-03
7.674597083653108111e-04
1.063829787234042571e-03
4.301075268817204297e-04
1.404494382022471871e-03
4.714534911131016976e-05
1.390240511608508269e-04
2.516356316054353236e-04
1.225490196078431356e-03
8.403361344537814762e-03
7.072135785007072377e-04
7.633587786259541687e-03
9.842519685039369942e-04
8.403361344537814762e-03
7.911392405063291016e-04
8.196721311475410263e-03
3.048780487804878155e-03
2.739726027397260295e-03
2.500000000000000052e-03
2.079002079002079117e-03
1.851851851851851923e-03
2.352941176470588029e-03
2.808988764044943742e-03
2.824858757062146883e-03
5.151983513652756566e-04
2.309468822170900656e-03
7.022471910112359356e-04
2.159827213822894301e-03
4.725897920604915062e-04
1.402524544179523103e-03
7.423904974016332266e-04
2.016129032258064460e-03
4.537205081669691293e-04
5.353319057815846124e-04
4.985044865403788234e-04
4.480286738351254476e-04
3.539823008849557581e-04
1.603334936668270060e-04
4.675081813931744037e-04
5.184033177812337988e-04
3.094059405940594097e-04
1.047120418848167646e-03
2.689618074233458638e-04
9.487666034155597906e-04
2.356267672007539998e-04
4.353504571179799541e-04
1.402131239484015717e-04
1.133786848072562388e-03
1.257861635220125724e-03
1.267427122940430846e-03
1.367989056087551281e-03
1.186239620403321555e-03
1.474926253687315614e-03
7.593014426727411146e-04
7.513148009015778016e-04
1.362397820163487689e-03
8.613264427217915591e-04
1.177856301531213104e-03
5.763688760806916700e-04
1.424501424501424572e-03
7.385524372230428854e-04
1.039501039501039559e-03
4.982561036372695372e-04
1.324503311258278145e-03
4.143875352229405273e-05
1.285347043701799393e-04
2.936857562408223148e-04
1.044932079414838139e-03
1.041666666666666609e-02
7.727975270479134308e-04
8.130081300813008990e-03
1.025641025641025640e-03
9.433962264150943036e-03
7.830853563038371167e-04
1.111111111111111154e-02
2.403846153846153980e-03
2.439024390243902437e-03
2.631578947368420993e-03
2.066115702479338900e-03
2.178649237472767095e-03
2.347417840375586907e-03
2.590673575129533775e-03
2.570694087403598786e-03
5.717552887364208032e-04
1.908396946564885422e-03
7.541478129713424143e-04
1.801801801801801830e-03
3.907776475185619652e-04
1.377410468319559267e-03
6.600660066006600740e-04
2.000000000000000042e-03
3.259452411994784781e-04
4.690431519699812379e-04
3.213367609254498482e-04
3.249918752031199435e-04
3.087372645878357536e-04
2.971768202080237484e-04
3.089280197713932703e-04
3.563791874554526201e-04
3.106554830692761626e-04
1.051524710830704489e-03
2.844950213371266246e-04
9.099181073703367000e-04
9.607070804111826927e-05
6.097560975609756092e-04
2.645502645502645681e-04
9.259259259259259613e-04
1.526717557251908381e-03
1.406469760900140673e-03
1.385041551246537399e-03
1.512859304084720156e-03
1.477104874446085771e-03
1.203369434416365867e-03
1.129943502824858797e-03
1.273885350318471272e-03
7.363770250368188372e-04
1.118568232662192369e-03
5.858230814294083195e-04
1.492537313432835836e-03
7.794232268121590148e-04
1.113585746102449840e-03
3.866976024748646759e-04
1.366120218579234971e-03
3.079007328037440533e-05
1.260080645161290288e-04
2.929115407147041598e-04
9.775171065493646130e-04
9.900990099009901110e-03
7.616146230007616322e-04
1.000000000000000021e-02
1.037344398340248964e-03
1.000000000000000021e-02
7.936507936507936501e-04
9.433962264150943036e-03
2.352941176470588029e-03
2.444987775061124684e-03
2.016129032258064460e-03
2.293577981651376274e-03
2.564102564102564100e-03
2.577319587628865930e-03
2.487562189054726321e-03
2.457002457002456942e-03
8.210180623973727153e-04
1.572327044025157317e-03
5.099439061703212950e-04
1.811594202898550747e-03
7.961783439490446260e-04
1.949317738791422894e-03
7.017543859649122287e-04
1.956947162426614373e-03
3.396739130434782514e-04
3.353454057679409713e-04
3.528581510232886576e-04
1.883948756593820670e-04
2.877697841726618660e-04
3.510003510003509839e-04
3.463803255975060700e-04
4.111842105263157666e-04
2.671653753673524159e-04
8.396305625524768876e-04
1.848087229717242726e-04
6.337135614702154229e-04
1.381406271584473017e-04
8.417508417508417140e-04
2.424242424242424186e-04
8.298755186721991492e-04
9.182736455463728084e-04
1.564945226917057938e-03
1.383125864453665357e-03
1.096491228070175378e-03
1.295336787564766888e-03
1.479289940828402332e-03
1.492537313432835836e-03
9.960159362549800624e-04
7.220216606498194552e-04
1.131221719457013676e-03
7.917656373713380467e-04
1.356852103120759732e-03
5.128205128205128201e-04
1.026694045174538026e-03
8.635578583765111862e-04
1.392757660167130923e-03
3.978990927900684686e-05
1.274209989806320182e-04
2.700513097488522660e-04
9.881422924901185102e-04
7.633587786259541687e-03
7.757951900698215573e-04
9.090909090909090468e-03
1.182033096926713919e-03
1.000000000000000021e-02
7.788161993769470185e-04
9.345794392523363789e-03
2.427184466019417265e-03
1.879699248120300648e-03
2.100840336134453690e-03
2.557544757033248291e-03
2.518891687657430663e-03
2.604166666666666522e-03
2.785515320334261847e-03
2.570694087403598786e-03
7.980845969672785726e-04
1.468428781204111520e-03
4.413062665489850115e-04
1.655629139072847681e-03
5.136106831022085439e-04
2.012072434607646045e-03
6.882312456985546865e-04
2.277904328018223127e-03
4.612546125461254479e-04
4.301075268817204297e-04
1.955416503715291235e-04
2.052545155993431788e-04
4.675081813931744037e-04
3.696857670979667126e-04
2.983293556085918992e-04
3.093102381688834102e-04
2.918855808523058981e-04
9.910802775024776801e-04
1.622060016220600151e-04
4.116920543433511773e-04
1.820830298616169071e-04
7.401924500370095882e-04
2.341372044017794494e-04
7.087172218284904564e-04
1.146788990825688137e-03
1.497005988023952187e-03
1.307189542483660040e-03
7.668711656441717971e-04
9.718172983479105411e-04
1.250000000000000026e-03
1.199040767386091045e-03
1.253132832080200432e-03
8.051529790660225420e-04
1.170960187353629976e-03
9.425070688030159991e-04
1.335113484646194889e-03
4.084967320261438033e-04
1.059322033898305081e-03
4.997501249375312180e-04
1.481481481481481408e-03
4.814172925091469247e-05
1.335291761249833196e-04
2.671653753673524159e-04
1.014198782961460432e-03
7.633587786259541687e-03
8.298755186721991492e-04
8.333333333333333218e-03
9.643201542912247176e-04
8.403361344537814762e-03
8.250825082508250925e-04
7.352941176470588133e-03
2.544529262086514185e-03
2.583979328165374786e-03
2.481389578163771710e-03
2.531645569620253212e-03
2.604166666666666522e-03
2.463054187192118254e-03
2.638522427440633152e-03
2.444987775061124684e-03
5.945303210463733119e-04
1.724137931034482735e-03
5.973715651135005607e-04
1.550387596899224785e-03
4.601932811780948219e-04
1.592356687898089252e-03
6.191950464396285200e-04
1.499250374812593654e-03
2.493765586034912547e-04
3.224766204450177170e-04
3.352329869259135296e-04
2.218770800976259232e-04
2.457606291472105983e-04
2.991325157044570789e-04
3.286230693394676539e-04
2.301495972382048226e-04
1.869158878504672812e-04
8.097165991902833659e-04
3.116235587410408152e-04
8.071025020177562213e-04
1.501952538299789754e-04
6.112469437652811709e-04
2.929115407147041598e-04
8.591065292096219767e-04
1.373626373626373734e-03
1.122334455667789097e-03
1.283697047496790665e-03
1.418439716312056833e-03
1.180637544273907850e-03
1.216545012165450154e-03
1.180637544273907850e-03
1.436781609195402279e-03
7.363770250368188372e-04
1.043841336116910126e-03
6.234413965087281639e-04
1.187648456057007178e-03
7.552870090634441081e-04
1.164144353899883560e-03
5.274261603375526982e-04
1.262626262626262734e-03
2.840666988608925238e-05
1.368363437328954616e-04
2.688172043010752686e-04
1.038421599169262691e-03
9.803921568627450844e-03
7.396449704142011661e-04
8.620689655172413673e-03
9.615384615384615918e-04
8.928571428571428076e-03
9.442870632672332835e-04
1.000000000000000021e-02
2.557544757033248291e-03
2.777777777777777884e-03
2.518891687657430663e-03
1.792114695340501791e-03
2.398081534772182090e-03
2.512562814070351796e-03
2.785515320334261847e-03
2.739726027397260295e-03
7.855459544383346961e-04
1.848428835489833617e-03
6.309148264984227586e-04
1.230012300123001267e-03
5.800464037122969596e-04
1.655629139072847681e-03
9.276437847866419442e-04
1.466275659824046920e-03
2.714440825190010979e-04
2.823263692828910029e-04
2.941176470588235036e-04
3.070310101320233485e-04
1.544163063619518326e-04
2.898550724637681086e-04
2.679528403001071781e-04
3.572704537334762194e-04
1.930129318664350379e-04
1.006036217303823022e-03
3.041362530413625385e-04
8.445945945945946415e-04
1.194743130227001149e-04
4.492362982929020906e-04
3.324468085106382898e-04
9.033423667570008664e-04
1.572327044025157317e-03
1.587301587301587300e-03
1.618122977346278394e-03
1.349527665317138943e-03
1.237623762376237639e-03
7.320644216691069017e-04
7.818608287724784865e-04
1.677852348993288554e-03
8.756567425569176943e-04
1.303780964797913913e-03
7.451564828614008935e-04
1.273885350318471272e-03
6.153846153846154058e-04
1.035196687370600489e-03
4.859086491739552705e-04
1.246882793017456328e-03
4.710759374411154957e-05
1.320306311064166870e-04
2.665245202558635344e-04
1.075268817204301074e-03
7.299270072992700489e-03
6.410256410256410251e-04
7.692307692307692735e-03
1.103752759381898454e-03
9.615384615384615918e-03
9.541984732824427108e-04
8.849557522123893682e-03
2.624671916010498651e-03
2.283105022831050102e-03
1.872659176029962567e-03
2.336448598130840947e-03
2.583979328165374786e-03
2.695417789757412544e-03
2.865329512893982720e-03
2.645502645502645356e-03
7.352941176470588133e-04
1.594896331738437012e-03
5.797101449275362172e-04
1.336898395721925056e-03
6.574621959237344181e-04
1.490312965722801787e-03
7.077140835102618778e-04
1.552795031055900516e-03
3.191828917969996853e-04
3.382949932341001607e-04
3.929273084479371144e-04
1.796945193171608254e-04
2.833663927458203598e-04
3.015681544028950343e-04
4.051863857374392026e-04
2.682403433476394840e-04
1.736111111111111177e-04
8.841732979664013690e-04
3.350083752093802503e-04
5.602240896358543030e-04
1.155268022181146011e-04
8.928571428571428293e-04
3.871467286101432440e-04
9.596928982725527486e-04
1.400560224089635866e-03
1.602564102564102509e-03
1.385041551246537399e-03
8.643042350907519707e-04
6.910850034554249935e-04
1.267427122940430846e-03
1.432664756446991360e-03
1.479289940828402332e-03
1.081081081081081098e-03
1.353179972936400643e-03
6.963788300835654617e-04
1.273885350318471272e-03
5.089058524173027936e-04
9.140767824497257740e-04
6.761325219743069548e-04
1.383125864453665357e-03
4.718093890068412067e-05
1.378929950358521897e-04
2.645502645502645681e-04
9.661835748792270287e-04
8.264462809917355601e-03
6.544502617801047518e-04
7.299270072992700489e-03
9.756097560975609748e-04
7.246376811594202987e-03
8.591065292096219767e-04
9.174311926605505096e-03
2.624671916010498651e-03
2.183406113537117790e-03
2.277904328018223127e-03
2.457002457002456942e-03
2.564102564102564100e-03
2.624671916010498651e-03
2.500000000000000052e-03
2.666666666666666578e-03
8.517887563884156844e-04
1.984126984126984017e-03
5.899705014749262455e-04
1.477104874446085771e-03
5.780346820809248920e-04
2.159827213822894301e-03
7.633587786259541904e-04
1.545595054095826862e-03
2.365744026496333096e-04
2.777777777777777775e-04
3.632401017072284938e-04
2.300437083045778653e-04
2.044571662236761378e-04
3.181673560292713906e-04
5.361930294906166756e-04
2.688172043010752686e-04
1.994415636218587829e-04
7.251631617113850825e-04
2.731494127287626078e-04
6.510416666666666305e-04
1.803426510369702401e-04
7.067137809187278843e-04
3.018412315122245512e-04
9.478672985781990811e-04
1.199040767386091045e-03
1.515151515151515150e-03
1.538461538461538460e-03
1.162790697674418589e-03
8.771929824561403672e-04
1.034126163391933893e-03
1.288659793814432965e-03
1.140250855188141427e-03
7.363770250368188372e-04
1.206272617611580137e-03
7.770007770007770001e-04
1.290322580645161289e-03
5.000000000000000104e-04
9.615384615384615918e-04
7.241129616220129839e-04
1.239157372986369283e-03
4.064710186163726765e-05
1.350256548744261330e-04
5.315473342901185205e-05
5.749108888122340813e-05
4.840271055179090322e-05
4.741583688952110185e-05
2.903178980984177563e-05
2.673082063619353077e-05
2.458331284723929303e-05
2.622606871230002620e-05
1.164686699277894279e-04
2.375296912114014357e-03
1.901502186727514700e-04
1.648804616652926717e-04
1.684352366515075089e-04
1.508978421608570984e-04
8.958165367732688893e-05
7.171543316121628715e-05
7.320644216691068746e-05
7.040766035344644968e-05
3.277721328132681875e-05
8.382932349735937967e-05
1.747030048916841283e-04
5.197775352149280214e-05
1.827151470856934121e-04
2.505010020040079953e-04
3.762227238525206788e-04
4.344048653344917215e-04
3.868471953578336473e-04
2.786291446085260729e-04
3.739715781600598272e-04
3.858024691358024477e-04
2.915451895043731732e-04
1.836547291092745563e-04
2.197319270490002291e-04
1.990445859872611565e-04
2.141786249732276649e-04
6.365777579731364186e-05
7.083658000991712681e-05
6.881838827334663816e-05
8.045052292839903225e-05
1.432870038687490970e-04
1.907304978065992853e-04
1.005833836250251477e-04
3.853564547206165766e-04
2.850627137970353567e-04
2.958579881656804773e-04
4.065040650406504062e-04
4.103405826836274001e-04
3.757985719654265144e-04
3.309066843150231647e-04
4.009623095429029616e-04
2.644802962179317908e-04
1.602050624799743618e-04
2.358490566037735867e-04
1.923446816695518330e-04
2.222222222222222220e-03
2.217294900221729488e-03
2.155172413793103418e-03
2.080732417811069609e-04
2.206531332744925058e-04
1.672240802675585200e-04
1.895734597156398054e-04
8.682816705739342068e-05
1.116944041103540714e-04
8.575593859874796698e-05
9.052231375033945515e-05
6.684045184145444665e-05
2.628811777076761223e-04
9.738046547862498408e-05
5.590652429138480547e-05
1.765848490199540882e-04
7.129616426636246483e-05
3.796507213363705573e-04
4.098360655737704914e-04
4.192872117400419079e-04
4.226542688081149366e-04
4.051863857374392026e-04
2.911208151382824118e-04
2.742731760833790598e-04
2.512562814070352013e-04
1.969279243796770310e-04
2.217786648924373349e-04
1.487209994051160095e-04
2.053388090349076052e-03
2.070393374741200977e-03
2.343017806935332762e-04
1.772735330615139108e-04
2.037489812550937146e-04
2.254791431792559141e-04
9.430403621274990455e-05
7.373543725114289720e-05
1.295840352468575953e-04
9.051412020275162299e-05
7.635336336565625467e-05
1.890716581584420456e-04
8.538980445734778728e-05
2.373605506764775799e-04
3.316749585406301797e-04
4.418912947414936100e-04
4.070004070004069820e-04
3.389830508474576498e-04
3.825554705432287561e-04
4.017677782241864046e-04
3.900156006240249745e-04
3.567606136282554328e-04
2.127206977238885221e-04
9.523809523809524669e-03
1.149425287356321823e-02
9.345794392523363789e-03
8.928571428571428076e-03
2.314814814814814686e-03
2.044989775051124937e-03
2.518891687657430663e-03
6.105006105006105001e-04
2.905287623474723884e-04
1.406469760900140673e-03
5.200208008320333355e-04
5.224660397074190697e-04
1.213592233009708633e-03
2.192501644376233382e-04
2.025521571804739804e-04
1.897533206831119527e-04
1.757160428747144628e-04
1.305653479566523092e-04
7.112375533428165345e-04
3.003905076599579509e-04
3.881987577639751290e-04
1.339943722363660711e-04
8.216926869350862396e-04
2.796420581655480924e-04
4.703668861712135608e-04
8.726003490401396329e-04
1.141552511415525051e-03
1.477104874446085771e-03
1.109877913429522774e-03
6.561679790026246628e-04
1.170960187353629976e-03
1.199040767386091045e-03
1.207729468599033759e-03
4.580852038479157093e-04
6.097560975609756092e-04
2.872737719046251242e-04
7.745933384972889706e-04
1.024590163934426283e-03
1.030927835051546372e-02
8.333333333333333218e-03
1.074113856068743258e-03
7.246376811594202987e-03
7.407407407407407690e-03
2.375296912114014357e-03
2.369668246445497811e-03
2.444987775061124684e-03
4.163197335553705364e-04
5.017561465127947469e-04
1.406469760900140673e-03
5.241090146750524391e-04
4.214075010535187700e-04
1.189060642092746624e-03
2.169668040789759242e-04
2.456398919184475432e-04
2.404424140418369752e-04
1.870557426112981556e-04
8.605851979345955814e-05
6.910850034554249935e-04
2.790178571428571274e-04
6.116207951070336008e-04
1.296848657761639231e-04
8.110300081103001026e-04
2.509410288582183002e-04
5.227391531625718559e-04
7.385524372230428854e-04
1.091703056768558895e-03
1.445086705202312067e-03
1.358695652173913006e-03
1.161440185830429732e-03
1.531393568147013844e-03
1.336898395721925056e-03
6.169031462060456687e-04
5.288207297726070857e-04
3.783579265985622655e-04
1.290322580645161289e-03
4.909180166912125581e-04
8.779631255487269558e-04
1.272264631043257092e-03
3.781147200060498362e-05
1.038421599169262691e-03
8.620689655172413673e-03
8.130081300813008990e-03
1.111111111111111110e-03
6.756756756756757132e-03
6.060606060606060601e-03
2.247191011235955254e-03
2.531645569620253212e-03
2.457002457002456942e-03
2.309468822170900656e-03
1.953125000000000000e-03
4.997501249375312180e-04
6.199628022318660588e-04
1.282051282051282050e-03
5.861664712778428665e-04
6.426735218508996964e-04
1.149425287356321823e-03
2.074258452603194337e-04
2.176278563656148092e-04
2.109259649862898134e-04
2.043735949315348527e-04
9.404683532399134706e-05
6.105006105006105001e-04
2.691065662002152612e-04
8.196721311475409829e-04
1.314924391847468728e-04
6.583278472679394023e-04
2.790957298353335361e-04
6.218905472636815802e-04
9.950248756218904849e-04
8.748906386701662532e-04
6.583278472679394023e-04
1.468428781204111520e-03
1.189060642092746624e-03
1.331557922769640570e-03
1.177856301531213104e-03
1.347708894878706272e-03
7.892659826361483801e-04
4.420866489832006845e-04
1.222493887530562342e-03
6.234413965087281639e-04
6.309148264984227586e-04
1.265822784810126606e-03
3.847041624990382410e-05
1.031991744066047389e-03
1.030927835051546372e-02
7.830853563038371167e-04
1.000000000000000021e-02
1.140250855188141427e-03
6.944444444444444059e-03
6.578947368421052266e-03
2.178649237472767095e-03
2.293577981651376274e-03
5.913660555884092717e-04
6.134969325153374594e-04
1.303780964797913913e-03
4.464285714285714146e-04
1.736111111111111015e-03
5.373455131649651105e-04
1.039501039501039559e-03
1.568627450980392200e-04
1.880052641473961355e-04
9.410878976096367216e-05
5.970149253731343343e-04
2.286759661559570117e-04
6.172839506172839380e-04
1.534448365812490485e-04
4.730368968779564802e-04
3.745318352059925243e-04
5.970149253731343343e-04
1.094091903719912433e-03
7.727975270479134308e-04
1.112347052280311449e-03
1.572327044025157317e-03
1.317523056653491492e-03
7.955449482895783977e-04
9.578544061302681498e-04
1.196172248803827705e-03
8.038585209003215343e-04
5.032712632108706473e-04
1.303780964797913913e-03
6.422607578676942401e-04
4.368719965050240316e-04
1.278772378516624146e-03
4.083966348117291548e-05
1.240694789081885855e-03
8.849557522123893682e-03
7.299270072992700489e-03
8.928571428571428076e-03
9.803921568627450844e-03
3.048780487804878155e-03
2.105263157894736795e-03
1.631321370309951136e-03
2.481389578163771710e-03
2.262443438914027351e-03
2.680965147453083161e-03
2.631578947368420993e-03
6.305170239596469099e-04
1.795332136445242435e-03
5.321979776476849083e-04
1.858736059479553816e-03
7.209805335255947689e-04
1.215066828675577049e-03
4.068348250610252120e-04
1.980198019801980222e-03
3.985651654045436619e-04
1.964250638381457518e-04
2.344116268166901212e-04
3.261578604044357288e-04
2.299379167624741394e-04
1.666388935177470548e-04
3.024803387779794557e-04
1.557389814670612064e-04
8.305647840531561656e-04
2.824858757062146991e-04
5.243838489774515013e-04
1.932367149758454057e-04
6.540222367560497496e-04
1.489425081918379474e-04
5.494505494505494501e-04
7.072135785007072377e-04
1.459854014598540055e-03
1.692047377326565084e-03
7.788161993769470185e-04
5.720823798627002301e-04
1.291989664082687393e-03
9.756097560975609748e-04
8.110300081103001026e-04
5.733944954128440685e-04
6.715916722632639651e-04
4.859086491739552705e-04
7.446016381236038794e-04
9.345794392523363789e-03
9.803921568627450844e-03
9.433962264150943036e-03
9.803921568627450844e-03
7.716049382716048954e-04
1.564945226917057938e-03
6.045949214026601895e-04
1.642036124794745431e-03
6.071645415907711346e-04
1.584786053882725892e-03
5.347593582887700658e-04
1.727115716753022372e-03
3.821169277799006474e-04
3.018412315122245512e-04
2.904443799012489135e-04
3.162555344718532635e-04
2.235136343316942401e-04
2.794857462269424329e-04
2.272210861167916476e-04
1.379690949227373067e-04
9.310986964618249472e-04
3.354579000335457901e-04
7.668711656441717971e-04
1.684068710003368101e-04
7.077140835102618778e-04
2.626050420168067113e-04
6.226650062266500573e-04
1.184834123222748906e-03
1.256281407035175898e-03
1.412429378531073441e-03
1.272264631043257092e-03
1.290322580645161289e-03
1.445086705202312067e-03
1.078748651564185451e-03
1.166861143523920553e-03
5.461496450027307015e-04
7.704160246533128158e-04
6.578947368421052483e-04
6.165228113440197368e-04
3.445899379738111333e-05
7.092198581560283516e-03
1.136363636363636395e-02
9.803921568627450844e-03
9.345794392523363789e-03
5.524861878453039095e-04
1.636661211129296313e-03
6.455777921239508940e-04
1.824817518248175122e-03
6.333122229259024799e-04
7.072135785007072377e-04
1.579778830963665063e-03
2.312138728323699351e-04
2.566735112936345065e-04
2.877697841726618660e-04
2.945508100147275240e-04
2.718868950516584865e-04
3.513703443429374565e-04
2.897710808461315753e-04
1.528350909368791032e-04
6.161429451632779086e-04
2.255299954894000891e-04
8.196721311475409829e-04
1.775883502042266014e-04
6.802721088435373679e-04
3.201024327784891040e-04
7.524454477050413577e-04
1.328021248339973344e-03
1.029866117404737349e-03
1.237623762376237639e-03
9.216589861751152066e-04
7.686395080707148376e-04
1.257861635220125724e-03
1.358695652173913006e-03
1.345895020188425315e-03
8.741258741258741251e-04
5.592841163310961847e-04
6.657789613848202849e-04
7.293946024799416580e-04
7.518796992481202590e-03
8.130081300813008990e-03
1.209189842805320379e-03
9.803921568627450844e-03
8.264462809917355601e-03
2.155172413793103418e-03
2.298850574712643646e-03
2.227171492204899680e-03
2.506265664160400863e-03
2.375296912114014357e-03
3.741114852225963113e-04
1.275510204081632551e-03
7.686395080707148376e-04
1.700680272108843474e-03
4.662004662004662001e-04
1.779359430604982115e-03
8.051529790660225420e-04
1.375515818431911983e-03
2.181025081788440505e-04
2.049180327868852457e-04
2.375861249703017377e-04
1.789549033643521758e-04
2.313743637204997746e-04
1.727414061150457723e-04
3.012048192771084603e-04
1.600512163892445520e-04
7.052186177715091559e-04
1.702417432754511277e-04
3.360215053763441128e-04
2.606882168925964615e-04
7.347538574577516021e-04
1.280409731113956416e-03
5.042864346949067550e-04
9.208103130755064796e-04
1.364256480218281045e-03
1.515151515151515150e-03
7.446016381236038794e-04
8.936550491510276842e-04
1.526717557251908381e-03
7.917656373713380467e-04
3.361344537815126143e-04
8.741258741258741251e-04
1.044932079414838139e-03
4.159733777038269651e-04
1.461988304093567170e-03
4.233341800016933155e-05
7.575757575757575968e-03
6.896551724137930939e-03
8.264462809917355601e-03
7.518796992481202590e-03
2.801120448179271732e-03
2.538071065989847518e-03
2.227171492204899680e-03
1.773049645390070879e-03
2.732240437158469943e-03
2.610966057441253298e-03
5.396654074473826272e-04
2.427184466019417265e-03
5.966587112171837983e-04
2.109704641350210793e-03
4.403346543372963309e-04
1.443001443001443000e-03
7.485029940119760933e-04
1.760563380281690181e-03
2.822466836014676903e-04
5.050505050505050501e-04
2.822466836014676903e-04
4.638218923933209721e-04
3.692762186115214427e-04
1.539408866995073909e-04
4.295532646048109884e-04
5.252100840336134226e-04
2.663115845539280814e-04
9.861932938856016271e-04
2.316960148285449527e-04
8.278145695364238403e-04
2.456398919184475432e-04
4.260758414997869417e-04
1.366493577480185724e-04
1.104972375690607819e-03
1.269035532994923759e-03
1.239157372986369283e-03
1.338688085676037432e-03
1.170960187353629976e-03
1.512859304084720156e-03
7.806401249024199837e-04
7.407407407407407040e-04
1.314060446780551932e-03
8.503401360544217370e-04
5.875440658049353509e-04
7.052186177715091559e-04
4.340277777777777537e-04
1.176470588235294101e-02
9.090909090909090468e-03
9.803921568627450844e-03
1.030927835051546372e-02
6.191950464396285200e-04
7.604562737642585075e-04
1.858736059479553816e-03
5.065856129685917262e-04
6.527415143603133244e-04
1.886792452830188694e-03
3.294892915980230470e-04
4.405286343612334994e-04
3.148614609571788328e-04
3.065603923973022520e-04
3.288391976323577857e-04
3.161555485298767239e-04
3.491620111731843687e-04
2.673796791443850329e-04
1.018329938900203570e-03
3.372681281618887051e-04
8.912655971479500373e-04
1.107297087808659114e-04
5.830903790087463463e-04
2.421307506053268772e-04
9.505703422053231886e-04
1.432664756446991360e-03
1.474926253687315614e-03
1.273885350318471272e-03
1.574803149606299191e-03
1.406469760900140673e-03
1.137656427758816776e-03
1.052631578947368397e-03
1.250000000000000026e-03
7.575757575757575751e-04
6.422607578676942401e-04
8.000000000000000383e-04
4.933399111988160269e-04
9.090909090909090468e-03
1.000000000000000021e-02
8.771929824561403022e-03
8.130081300813008990e-03
6.863417982155113010e-04
1.597444089456868943e-03
4.655493482309124736e-04
1.834862385321101019e-03
7.593014426727411146e-04
1.795332136445242435e-03
6.720430107526882257e-04
1.893939393939393992e-03
3.360215053763441128e-04
3.456619426201175231e-04
3.602305475504322531e-04
2.274795268425841750e-04
2.910360884749708900e-04
3.668378576669112444e-04
3.374957813027337121e-04
2.195389681668496128e-04
8.077544426494346220e-04
1.747030048916841283e-04
5.643340857787809911e-04
1.451168190393266604e-04
8.488964346349745210e-04
2.490660024906600121e-04
8.628127696289905483e-04
1.010101010101010100e-03
1.438848920863309384e-03
1.408450704225352188e-03
9.208103130755064796e-04
1.014198782961460432e-03
1.512859304084720156e-03
1.422475106685633069e-03
1.071811361200428712e-03
7.479431563201196544e-04
7.132667617689015908e-04
4.572473708276177259e-04
8.680555555555555074e-04
7.751937984496123923e-03
9.433962264150943036e-03
9.345794392523363789e-03
8.474576271186440649e-03
1.782531194295900075e-03
2.631578947368420993e-03
2.702702702702702853e-03
7.710100231303006592e-04
1.385041551246537399e-03
4.580852038479157093e-04
1.652892561983471034e-03
5.020080321285140101e-04
2.036659877800407140e-03
5.698005698005697639e-04
2.192982456140350755e-03
4.502476361999099472e-04
4.017677782241864046e-04
1.771479185119574954e-04
2.276867030965391619e-04
4.357298474945533648e-04
3.469812630117973494e-04
3.137747097583934506e-04
2.452182442373712764e-04
2.651816494298594659e-04
9.823182711198427588e-04
1.498576352465158024e-04
4.472271914132379270e-04
2.410219329959026313e-04
7.547169811320754342e-04
1.908761213972131980e-04
6.093845216331505521e-04
8.271298593879239033e-04
1.533742331288343594e-03
1.424501424501424572e-03
9.242144177449168087e-04
9.615384615384615918e-04
1.184834123222748906e-03
1.297016861219195795e-03
1.108647450110864744e-03
6.887052341597796334e-04
8.424599831508002923e-04
4.504504504504504574e-04
4.985044865403788234e-04
1.018329938900203570e-03
7.936507936507936067e-03
8.410428931875525271e-04
8.130081300813008990e-03
9.756097560975609748e-04
8.196721311475410263e-03
7.142857142857142634e-03
2.252252252252252233e-03
2.469135802469135752e-03
2.710027100271002708e-03
2.631578947368420993e-03
2.577319587628865930e-03
2.475247524752475278e-03
2.415458937198067518e-03
2.272727272727272617e-03
4.500450045004500258e-04
1.694915254237288086e-03
6.116207951070336008e-04
1.574803149606299191e-03
4.780114722753345908e-04
1.700680272108843474e-03
6.514657980456026350e-04
1.351351351351351426e-03
1.848770567572564319e-04
3.054367745876603642e-04
2.181976871045167006e-04
2.321262766945218206e-04
3.153579312519709868e-04
2.228163992869875093e-04
1.563477173233270793e-04
6.531678641410842805e-04
3.041362530413625385e-04
8.156606851549755679e-04
1.406271972999578051e-04
5.903187721369539251e-04
3.028467595396729171e-04
8.361204013377926273e-04
1.173708920187793454e-03
6.016847172081829336e-04
9.980039920159679799e-04
1.406469760900140673e-03
1.197604790419161663e-03
1.269035532994923759e-03
1.305483028720626649e-03
1.338688085676037432e-03
7.651109410864575123e-04
4.585052728106373096e-04
7.598784194528875350e-04
1.230012300123001267e-03
5.934718100890207498e-04
1.340482573726541581e-03
1.043841336116910126e-03
9.174311926605505096e-03
6.896551724137930939e-03
1.002004008016031981e-03
9.345794392523363789e-03
1.052631578947368397e-02
2.610966057441253298e-03
2.785515320334261847e-03
2.525252525252525467e-03
1.814882032667876517e-03
2.415458937198067518e-03
2.392344497607655409e-03
2.427184466019417265e-03
2.770083102493074798e-03
7.429420505200593980e-04
1.792114695340501791e-03
6.711409395973154000e-04
1.270648030495552788e-03
5.385029617662897118e-04
1.555209953343701396e-03
7.905138339920948515e-04
1.340482573726541581e-03
2.198285337436799332e-04
2.740476842970677139e-04
3.151591553734635755e-04
1.460067163089502087e-04
2.899391127863148641e-04
3.547357218871940217e-04
1.514921981517951895e-04
8.116883116883117418e-04
2.819283901888920219e-04
8.176614881439084499e-04
1.378169790518191866e-04
4.580852038479157093e-04
3.292723081988804530e-04
9.233610341643582299e-04
1.533742331288343594e-03
1.477104874446085771e-03
1.579778830963665063e-03
1.422475106685633069e-03
1.351351351351351426e-03
8.576329331046312048e-04
7.788161993769470185e-04
1.594896331738437012e-03
7.905138339920948515e-04
1.213592233009708633e-03
6.868131868131868668e-04
6.756756756756757132e-04
5.757052389176741964e-04
4.142673681594100994e-05
1.090512540894220334e-03
7.692307692307692735e-03
7.936507936507936067e-03
1.090512540894220334e-03
9.090909090909090468e-03
8.695652173913043584e-03
2.638522427440633152e-03
2.325581395348837177e-03
2.118644067796610162e-03
2.398081534772182090e-03
2.631578947368420993e-03
2.680965147453083161e-03
2.506265664160400863e-03
2.544529262086514185e-03
7.473841554559043599e-04
1.589825119236884044e-03
6.609385327164573384e-04
1.273885350318471272e-03
6.761325219743069548e-04
1.512859304084720156e-03
7.794232268121590148e-04
1.412429378531073441e-03
3.076923076923077029e-04
4.091653027823240782e-04
1.709986320109439101e-04
2.791736460078168662e-04
4.038772213247173110e-04
2.495632642874968986e-04
1.485222040695083877e-04
8.680555555555555074e-04
2.988643156007172487e-04
5.589714924538848658e-04
1.371365880416895299e-04
9.157509157509157501e-04
3.802281368821292537e-04
9.624639076034649217e-04
1.254705144291091501e-03
1.526717557251908381e-03
1.390820584144645275e-03
9.033423667570008664e-04
8.658008658008658001e-04
1.272264631043257092e-03
1.434720229555236804e-03
1.536098310291858678e-03
8.928571428571428293e-04
1.269035532994923759e-03
6.697923643670461924e-04
1.297016861219195795e-03
5.592841163310961847e-04
8.673026886383347492e-04
4.134452391780708320e-05
1.034126163391933893e-03
8.333333333333333218e-03
6.459948320413436964e-04
7.407407407407407690e-03
9.930486593843098047e-04
6.578947368421052266e-03
8.849557522123893682e-03
2.564102564102564100e-03
2.197802197802197800e-03
2.398081534772182090e-03
2.512562814070351796e-03
2.590673575129533775e-03
2.398081534772182090e-03
2.450980392156862711e-03
2.512562814070351796e-03
7.936507936507936501e-04
2.105263157894736795e-03
6.234413965087281639e-04
1.449275362318840597e-03
5.763688760806916700e-04
2.032520325203252248e-03
6.230529595015576582e-04
1.481481481481481408e-03
4.130524576621231124e-04
2.181976871045167006e-04
4.987531172069825094e-04
1.893222264293827994e-04
1.556178026766262133e-04
6.743088334457181298e-04
3.285151116951379830e-04
6.261740763932372887e-04
1.920491645861340457e-04
6.447453255963894302e-04
3.129890453834115551e-04
8.190008190008190529e-04
7.880220646178093518e-04
1.438848920863309384e-03
1.574803149606299191e-03
1.386962552011095735e-03
1.027749229188078131e-03
1.076426264800861045e-03
1.324503311258278145e-03
1.059322033898305081e-03
5.494505494505494501e-04
7.107320540156360916e-04
1.333333333333333289e-03
7.739938080495356500e-04
9.389671361502347196e-04
6.944444444444444709e-04
1.331557922769640570e-03
5.340168749332478725e-05
5.745805561939783837e-05
4.808154630252908893e-05
1.111975981318803552e-04
2.503837130402341786e-06
2.267573696145124777e-03
2.247191011235955254e-03
2.044989775051124937e-03
2.150537634408602149e-03
1.830831197363602940e-04
1.597444089456869051e-04
1.655903295247557541e-04
1.462629808395495034e-04
6.939143709666227740e-05
6.957489737702637444e-05
8.481044864727334037e-05
1.846722068328716406e-04
5.285691632750145623e-05
1.896094046264694627e-04
2.731494127287626078e-04
3.760812335464460234e-04
4.168403501458941315e-04
3.918495297805642480e-04
3.077870113881194100e-04
3.766478342749529141e-04
3.786444528587655988e-04
2.984183825723664744e-04
2.518257365902795025e-04
9.294112179934012124e-06
2.155172413793103418e-03
2.272727272727272617e-03
1.834189288334556222e-04
2.254791431792559141e-04
2.035830618892508234e-04
2.160760587726879927e-04
5.815305885089555544e-05
1.596933886937080833e-04
1.842638658559056584e-04
1.027749229188078131e-04
3.665689149560117299e-04
2.809778027535824829e-04
2.985965959988056318e-04
4.159733777038269651e-04
4.076640847941296361e-04
3.669724770642201822e-04
3.233107015842224597e-04
3.979307600477516847e-04
9.770204783492261830e-06
2.347417840375586907e-03
2.008032128514056040e-03
2.207505518763796908e-03
2.207505518763796908e-03
2.006420545746388426e-04
2.171552660152008783e-04
1.632386549134835091e-04
1.879699248120300864e-04
8.329862557267805141e-05
8.957362952346828422e-05
6.727664155005381530e-05
2.555583950932788077e-04
9.234463015975621317e-05
1.777145903678692147e-04
3.886513797123979748e-04
4.098360655737704914e-04
4.194630872483221386e-04
3.958828186856690233e-04
2.954209748892171108e-04
2.710027100271002708e-04
3.770739064856712072e-04
2.397506593143131060e-04
1.853568118628359568e-04
2.413709872073376884e-04
2.016129032258064460e-03
2.192982456140350755e-03
2.127659574468085141e-03
2.183406113537117790e-03
2.471576866040533626e-04
1.901140684410646269e-04
2.028809089064719049e-04
2.409638554216867357e-04
9.704027171276079038e-05
7.551159102922298826e-05
1.401541695865451921e-04
8.987148377819718361e-05
6.919457514530860524e-05
1.835535976505139400e-04
2.529084471421345556e-04
3.401360544217686840e-04
4.382120946538124555e-04
4.137360364087711777e-04
3.253090435914118644e-04
3.741114852225963113e-04
3.985651654045436619e-04
3.827018752391886814e-04
3.869969040247678250e-04
2.095557418273260707e-04
1.127306751440134391e-05
9.009009009009008931e-03
9.803921568627450844e-03
9.345794392523363789e-03
7.936507936507936067e-03
5.924170616113744528e-04
2.849002849002848820e-04
5.167958656330748921e-04
6.882312456985546865e-04
2.045408058907752181e-04
1.747030048916841283e-04
1.304291117777487807e-04
3.015681544028950343e-04
4.019292604501607672e-04
3.066544004906470561e-04
4.892367906066535932e-04
8.748906386701662532e-04
1.161440185830429732e-03
1.508295625942684829e-03
1.024590163934426283e-03
6.489292667099285771e-04
1.166861143523920553e-03
1.187648456057007178e-03
1.270648030495552788e-03
5.841121495327102368e-04
5.567928730512249199e-04
7.782101167315175639e-04
3.461285521442664012e-05
8.849557522123893682e-03
8.771929824561403022e-03
6.578947368421052266e-03
7.751937984496123923e-03
2.288329519450800920e-03
4.878048780487804874e-04
4.928536224741252155e-04
1.333333333333333289e-03
5.109862033725089949e-04
4.302925989672977771e-04
1.190476190476190584e-03
2.143622722400857316e-04
1.860119047619047516e-04
7.012622720897615514e-04
2.757099531293079678e-04
5.858230814294083195e-04
1.345532831001076306e-04
7.911392405063291016e-04
2.563445270443476015e-04
5.561735261401557244e-04
8.190008190008190529e-04
1.128668171557561982e-03
1.479289940828402332e-03
1.424501424501424572e-03
1.150747986191024167e-03
1.445086705202312067e-03
1.275510204081632551e-03
6.038647342995168794e-04
5.302226935312831903e-04
3.977724741447891989e-04
1.297016861219195795e-03
8.576329331046312048e-04
1.342281879194630800e-03
3.612847284945265087e-05
9.259259259259258745e-03
8.000000000000000167e-03
6.944444444444444059e-03
6.369426751592357008e-03
2.583979328165374786e-03
2.457002457002456942e-03
2.272727272727272617e-03
5.586592178770949249e-04
6.930006930006930030e-04
6.476683937823834438e-04
6.807351940095302499e-04
1.145475372279496041e-03
2.194907813871817390e-04
2.106593638087212979e-04
6.261740763932372887e-04
2.775464890369137090e-04
8.038585209003215343e-04
6.531678641410842805e-04
3.022974607013300947e-04
6.510416666666666305e-04
9.165902841429881143e-04
8.403361344537815629e-04
6.377551020408162756e-04
1.508295625942684829e-03
1.215066828675577049e-03
1.338688085676037432e-03
1.138952164009111563e-03
1.275510204081632551e-03
7.462686567164179179e-04
4.952947003467062653e-04
1.245330012453300115e-03
6.770480704129992972e-04
6.485084306095978976e-04
3.841130828916032900e-05
1.098901098901098987e-02
1.000000000000000021e-02
7.751937984496123923e-03
6.711409395973154217e-03
6.250000000000000130e-04
6.289308176100628619e-04
4.391743522178304972e-04
5.473453749315818464e-04
1.496557916791379931e-04
6.002400960384153246e-04
4.930966469428008135e-04
3.553660270078180458e-04
6.146281499692685417e-04
1.164144353899883560e-03
7.867820613690007861e-04
1.081081081081081098e-03
1.519756838905775070e-03
1.358695652173913006e-03
7.674597083653108111e-04
9.354536950420954278e-04
1.236093943139678509e-03
7.127583749109052402e-04
1.300390117035110562e-03
6.872852233676976464e-04
4.079468037367927377e-05
8.620689655172413673e-03
7.142857142857142634e-03
8.620689655172413673e-03
9.433962264150943036e-03
2.617801047120419007e-03
2.645502645502645356e-03
6.472491909385113358e-04
1.818181818181818180e-03
5.646527385657820058e-04
1.739130434782608760e-03
7.178750897343862429e-04
1.127395715896279543e-03
3.901677721420210776e-04
1.980198019801980222e-03
2.207505518763796908e-04
1.592103168285304948e-04
3.343363423604145596e-04
1.867762420620097208e-04
8.354218880534669545e-04
2.791736460078168662e-04
4.664179104477611851e-04
2.160760587726879927e-04
6.858710562414265617e-04
5.151983513652756566e-04
6.934812760055478675e-04
1.531393568147013844e-03
1.733102253032928848e-03
8.764241893076249110e-04
6.706908115358819426e-04
1.416430594900849925e-03
1.064962726304579440e-03
8.012820512820512543e-04
4.697040864255519238e-04
1.300390117035110562e-03
6.811989100817438447e-04
5.263157894736841987e-04
8.410428931875525271e-04
4.354262823304014501e-05
1.127395715896279543e-03
9.708737864077669061e-03
1.075268817204301161e-02
1.085776330076004392e-03
8.771929824561403022e-03
9.523809523809524669e-03
2.577319587628865930e-03
2.463054187192118254e-03
2.427184466019417265e-03
2.212389380530973421e-03
2.352941176470588029e-03
2.331002331002331000e-03
2.127659574468085141e-03
2.518891687657430663e-03
8.389261744966442771e-04
1.612903225806451612e-03
5.980861244019138523e-04
1.620745542949756810e-03
6.464124111182934515e-04
1.592356687898089252e-03
5.574136008918617515e-04
1.650165016501650185e-03
3.992015968063872028e-04
3.248862897985704823e-04
2.733734281027883940e-04
3.115264797507788291e-04
2.913752913752913750e-04
2.628120893561103648e-04
1.734003814808392544e-04
9.560229445506691816e-04
3.282994090610636632e-04
8.257638315441783242e-04
1.614987080103359241e-04
7.012622720897615514e-04
2.527805864509605769e-04
6.410256410256410251e-04
1.023541453428863891e-03
1.324503311258278145e-03
1.457725947521865866e-03
1.239157372986369283e-03
1.385041551246537399e-03
1.434720229555236804e-03
1.240694789081885855e-03
8.896797153024910577e-04
5.820721769499417799e-04
1.092896174863387977e-03
8.517887563884156844e-04
1.557632398753894037e-03
6.455777921239508940e-04
1.088139281828074019e-03
6.596306068601582879e-04
1.371742112482853123e-03
3.419972640218878202e-05
1.362026695723236197e-04
1.035196687370600489e-03
7.692307692307692735e-03
9.259259259259258745e-03
1.196172248803827705e-03
9.615384615384615918e-03
1.010101010101010187e-02
2.252252252252252233e-03
2.469135802469135752e-03
2.341920374707259951e-03
2.531645569620253212e-03
2.444987775061124684e-03
2.178649237472767095e-03
6.325110689437065271e-04
1.594896331738437012e-03
6.393861892583120729e-04
1.663893510815307860e-03
6.706908115358819426e-04
1.669449081803005058e-03
7.163323782234956799e-04
1.547987616099071300e-03
2.348520432127759619e-04
2.723311546840958869e-04
2.925687536571094254e-04
2.816901408450704376e-04
3.291639236339697011e-04
2.928257686676427498e-04
1.688333614722269214e-04
6.697923643670461924e-04
2.186270222999562804e-04
9.009009009009009148e-04
1.774308019872249890e-04
7.241129616220129839e-04
3.045066991473812257e-04
7.215007215007215001e-04
1.331557922769640570e-03
1.097694840834248118e-03
1.207729468599033759e-03
1.058201058201058272e-03
9.523809523809523801e-04
1.402524544179523103e-03
1.305483028720626649e-03
1.314060446780551932e-03
8.576329331046312048e-04
1.009081735620585276e-03
6.188118811881188194e-04
1.386962552011095735e-03
6.939625260235946988e-04
9.910802775024776801e-04
7.880220646178093518e-04
1.602564102564102509e-03
3.340348064268296722e-05
7.246376811594202987e-03
9.009009009009008931e-03
9.900990099009901110e-03
8.771929824561403022e-03
2.631578947368420993e-03
2.415458937198067518e-03
4.268032437046521748e-04
1.197604790419161663e-03
7.358351729212656359e-04
1.721170395869191109e-03
4.786979415988511233e-04
1.831501831501831500e-03
7.251631617113850825e-04
1.426533523537803182e-03
1.861157640052112441e-04
2.007628990162617984e-04
1.754693805930865162e-04
2.320185614849187947e-04
1.756543123133673021e-04
3.075030750307503166e-04
6.973500697350069498e-04
1.696065128900949666e-04
3.152585119798234550e-04
2.643404705260375188e-04
7.923930269413629462e-04
1.308900523560209504e-03
6.161429451632779086e-04
9.746588693957114469e-04
1.291989664082687393e-03
1.538461538461538460e-03
8.445945945945946415e-04
1.088139281828074019e-03
1.669449081803005058e-03
7.012622720897615514e-04
4.336513443191673746e-04
7.800312012480499491e-04
4.163197335553705364e-04
4.163024020648599480e-05
7.874015748031495954e-03
7.142857142857142634e-03
7.633587786259541687e-03
8.547008547008547868e-03
5.906674542232722910e-04
2.232142857142857019e-03
5.777007510109762826e-04
2.132196162046908275e-03
4.401408450704225451e-04
1.351351351351351426e-03
7.575757575757575751e-04
1.757469244288224850e-03
2.388344877000238905e-04
5.324813631522897200e-04
2.799552071668533052e-04
3.809523809523809629e-04
1.576292559899117275e-04
4.330879168471199491e-04
2.766251728907330497e-04
1.020408163265306214e-03
2.617801047120419116e-04
8.445945945945946415e-04
2.427773731488225338e-04
4.217629692113032333e-04
1.347708894878706326e-04
1.300390117035110562e-03
1.240694789081885855e-03
1.358695652173913006e-03
1.126126126126126116e-03
1.477104874446085771e-03
7.593014426727411146e-04
7.980845969672785726e-04
1.282051282051282050e-03
7.490636704119850485e-04
6.435006435006434796e-04
6.802721088435373679e-04
4.710315591144606864e-04
9.661835748792270287e-04
1.190476190476190410e-02
9.174311926605505096e-03
9.689922480620154904e-04
1.041666666666666609e-02
1.204819277108433798e-02
2.481389578163771710e-03
2.421307506053268881e-03
2.570694087403598786e-03
2.217294900221729488e-03
2.242152466367712971e-03
2.314814814814814686e-03
2.583979328165374786e-03
2.785515320334261847e-03
6.631299734748010268e-04
1.930501930501930547e-03
7.451564828614008935e-04
1.795332136445242435e-03
4.739336492890995406e-04
1.449275362318840597e-03
6.297229219143576657e-04
1.919385796545105497e-03
3.087372645878357536e-04
4.308487720809995626e-04
3.228931223764933654e-04
3.261578604044357288e-04
3.045066991473812257e-04
3.498950314905528106e-04
3.216468317787069767e-04
3.690036900369003583e-04
3.067484662576687297e-04
1.064962726304579440e-03
3.494060097833682566e-04
8.896797153024910577e-04
1.368176221097277341e-04
5.711022272986864727e-04
2.039151712887438920e-04
9.416195856873822581e-04
1.420454545454545494e-03
1.550387596899224785e-03
1.259445843828715331e-03
1.517450682852807334e-03
1.483679525222551983e-03
5.455537370430986986e-04
5.128205128205128201e-04
1.184834123222748906e-03
6.844626967830253145e-04
1.106194690265486710e-03
7.097232079488999560e-04
1.402524544179523103e-03
8.084074373484235630e-04
1.119820828667413221e-03
4.638218923933209721e-04
1.324503311258278145e-03
3.081854043392505085e-05
9.267840593141798110e-04
1.030927835051546372e-02
1.030927835051546372e-02
9.652509652509652736e-04
8.547008547008547868e-03
7.751937984496123923e-03
2.398081534772182090e-03
2.331002331002331000e-03
2.145922746781115872e-03
2.178649237472767095e-03
2.525252525252525467e-03
2.590673575129533775e-03
2.531645569620253212e-03
2.531645569620253212e-03
7.347538574577516021e-04
1.672240802675585255e-03
4.921259842519684971e-04
1.808318264014466487e-03
7.733952049497293518e-04
1.736111111111111015e-03
6.706908115358819426e-04
1.718213058419243953e-03
3.514938488576450134e-04
3.305785123966942392e-04
3.327787021630615721e-04
2.271694684234438794e-04
2.893518518518518358e-04
3.242542153047989488e-04
4.387889425186485373e-04
3.023888720895071144e-04
1.942501942501942500e-04
8.389261744966442771e-04
1.728608470181503833e-04
6.172839506172839380e-04
1.707067258449982978e-04
8.503401360544217370e-04
2.467308166790031961e-04
9.990009990009990001e-04
1.490312965722801787e-03
1.485884101040118796e-03
1.371742112482853123e-03
8.143322475570032937e-04
1.100110011001100051e-03
1.438848920863309384e-03
1.336898395721925056e-03
1.335113484646194889e-03
7.173601147776184021e-04
1.107419712070874815e-03
7.604562737642585075e-04
1.254705144291091501e-03
4.945598417408506248e-04
1.066098081023454137e-03
8.517887563884156844e-04
1.485884101040118796e-03
3.734827264239028822e-05
7.092198581560283516e-03
9.259259259259258745e-03
9.900990099009901110e-03
9.090909090909090468e-03
7.942811755361397488e-04
1.295336787564766888e-03
5.122950819672131414e-04
1.736111111111111015e-03
5.055611729019211537e-04
2.016129032258064460e-03
5.753739930955120837e-04
2.053388090349076052e-03
3.775009437523593704e-04
1.781261132882080468e-04
3.705075954057058130e-04
3.957261574990106855e-04
2.864508736751647088e-04
9.633911368015414143e-04
1.435956346927053442e-04
4.334633723450368359e-04
2.485089463220675689e-04
8.539709649871904265e-04
1.951219512195122058e-04
4.901960784313725422e-04
7.710100231303006592e-04
1.424501424501424572e-03
1.317523056653491492e-03
8.764241893076249110e-04
9.442870632672332835e-04
1.338688085676037432e-03
1.315789473684210497e-03
1.079913606911447150e-03
7.017543859649122287e-04
7.993605115907273994e-04
5.076142131979695686e-04
5.015045135406218666e-04
8.196721311475410263e-03
8.130081300813008990e-03
8.403361344537814762e-03
6.944444444444444059e-03
3.972983710766785840e-04
5.966587112171837983e-04
5.491488193300384478e-04
6.506180871828237287e-04
1.152073732718894008e-03
1.789549033643521758e-04
1.499925003749812461e-04
5.952380952380952918e-04
2.901915264074289048e-04
8.000000000000000383e-04
3.062787136294027471e-04
7.942811755361397488e-04
1.216545012165450154e-03
5.649717514124293983e-04
1.023541453428863891e-03
1.420454545454545494e-03
1.222493887530562342e-03
1.324503311258278145e-03
1.345895020188425315e-03
1.349527665317138943e-03
4.149377593360995746e-04
8.038585209003215343e-04
6.779661016949152996e-04
1.043841336116910126e-03
1.063829787234042527e-02
7.751937984496123923e-03
1.024590163934426283e-03
9.090909090909090468e-03
9.090909090909090468e-03
2.570694087403598786e-03
2.849002849002849145e-03
2.415458937198067518e-03
2.369668246445497811e-03
2.421307506053268881e-03
2.659574468085106318e-03
8.032128514056225245e-04
7.204610951008645061e-04
1.245330012453300115e-03
5.313496280552603302e-04
8.598452278589854012e-04
1.243781094527363160e-03
2.084636230977694391e-04
3.204101249599487235e-04
1.327844907714778946e-04
3.439972480220158143e-04
1.553760099440646260e-04
7.987220447284344715e-04
2.932551319648093839e-04
8.190008190008190529e-04
4.498425551057130172e-04
3.424657534246575369e-04
8.984725965858041813e-04
1.302083333333333261e-03
1.453488372093023236e-03
1.552795031055900516e-03
1.485884101040118796e-03
1.388888888888888942e-03
9.451795841209830124e-04
7.794232268121590148e-04
1.488095238095238013e-03
8.680555555555555074e-04
7.363770250368188372e-04
1.319261213720316576e-03
7.763975155279502580e-04
6.060606060606060601e-04
1.315789473684210497e-03
7.142857142857142634e-03
8.695652173913043584e-03
9.345794392523363789e-03
8.928571428571428076e-03
2.688172043010752903e-03
2.173913043478260896e-03
7.892659826361483801e-04
6.574621959237344181e-04
1.158748551564310527e-03
6.418485237483953325e-04
8.038585209003215343e-04
1.404494382022471871e-03
3.949447077409162657e-04
1.635322976287816791e-04
2.439619419370578162e-04
1.469291801351748587e-04
8.620689655172413673e-04
2.918004085205719083e-04
5.037783375314861326e-04
8.984725965858041813e-04
3.897116134060795074e-04
9.259259259259259613e-04
1.063829787234042571e-03
1.543209876543209791e-03
1.436781609195402279e-03
9.174311926605505096e-04
8.257638315441783242e-04
1.287001287001286959e-03
1.464128843338213803e-03
1.597444089456868943e-03
8.756567425569176943e-04
7.209805335255947689e-04
1.333333333333333289e-03
5.988023952095808313e-04
8.084074373484235630e-04
4.192344778434578138e-05
8.333333333333333218e-03
7.092198581560283516e-03
6.944444444444444059e-03
9.433962264150943036e-03
2.481389578163771710e-03
7.974481658692185058e-04
2.057613168724280010e-03
5.945303210463733119e-04
5.927682276229993613e-04
2.008032128514056040e-03
6.821282401091405224e-04
1.426533523537803182e-03
4.948045522018803058e-04
1.729804532087874074e-04
1.363884342607746747e-04
5.763688760806916700e-04
3.350083752093802503e-04
7.299270072992700273e-04
5.420054200542005415e-04
1.472754050073637674e-03
1.526717557251908381e-03
1.402524544179523103e-03
1.114827201783723503e-03
1.039501039501039559e-03
1.333333333333333289e-03
9.578544061302681498e-04
5.614823133071308653e-04
7.496251874062968270e-04
8.123476848090982558e-04
7.593014426727411146e-04
3.666645375419184949e-03
2.504562816690986213e-03
5.200875813817651926e-03
2.236699197730815207e-03
1.210221219426708267e-01
9.695114635742778375e-02
1.400179491094402651e-01
9.318434371189876497e-02
1.347433834389175411e+00
1.442961836874223858e+00
5.148506898015241084e+00
2.727063817236820853e+01
1.840310239698924022e+01
3.601009573149121223e+01
1.535162356278269158e+01
2.302484912825787688e+01
7.120722166130478200e-04
9.431343741127576862e-04
5.265699812826445114e-02
5.916191468232889078e-02
5.971685258095100340e-02
5.591494378950356836e-02
1.497306900189915302e+00
4.443768427688773670e+00
6.415486585020614640e+00
6.254788491397753170e+00
5.196795096277102566e+00
4.734738311043322446e-04
5.586438451958804577e-04
6.354601892784114301e-04
4.928151289727005380e-04
4.206673331642303559e-02
4.314957521964033621e-02
4.839257149679124237e-02
4.274060748950952310e-02
1.721017090654375137e+00
2.007648252246967413e+00
2.877865966644169049e+00
3.404492905640379874e+00
3.869904350894767031e+00
3.002117687599990870e+00
7.027468695742645544e+00
1.787968187918203000e+01
1.183293711697328199e+01
2.532630320604321383e+01
1.139994834545730029e+01
4.070042780366468804e+01
4.279357198259735640e+01
7.307408852104162911e+00
3.571315322745227672e+00
4.563918527517245138e+00
4.964991102151141256e+00
4.509894884216219424e+01
2.649528866652274495e+00
2.847204852006857578e+00
3.451602856561448274e+00
2.795694073920759859e+00
2.469859804397064540e+00
6.536516866277028548e+00
1.879838688994381712e+01
1.251460550875354727e+01
2.689328639457416514e+01
1.199918155866845915e+01
3.551130333437328801e+01
3.735288258591784594e+00
4.814266882732174402e+00
5.256285476179106020e+00
4.583494026707242597e+00
1.918838963217164073e+00
2.797735948220563706e+00
3.038931884611457690e+00
3.643060331145223429e+00
2.938806933429444435e+00
2.631408452647677088e+00
5.394534525018507276e-03
3.266064908118619381e-01
4.719343849775628486e-01
5.432879424254295486e-01
4.775080155394630932e-01
3.113323062043990563e-01
2.747161253908442236e-01
2.368965828388605865e-01
2.891631620253644619e-01
3.216929729756330403e-01
2.364545434039879157e-01
1.154111028293767494e-01
1.226983878288195468e-01
1.209586145675568269e-01
1.167465440057731119e-01
1.116994674628013912e-01
1.146073356645045810e-01
1.104718935483461895e-01
1.301169376226022356e-01
5.808987739247414850e-02
6.076551656541985535e-02
4.804993699950189934e-02
5.406987648195778207e-02
4.823586545425355421e-02
5.096411978548773258e-02
4.204578231507640623e-02
5.810824987280073517e-02
3.169989194323579590e-02
2.390122749782833816e-02
2.710833700071863667e-02
2.062229020073174171e-02
8.989749400188624213e-04
5.758811990953279468e-03
3.131704994396264374e-01
3.163170168121005599e-01
1.185670246697116820e-01
1.149133302831624182e-01
5.983194983863003580e-02
5.327121704306767014e-02
5.065690592539830173e-02
4.667368681946997000e-02
3.501647006606282281e-02
2.489376512427602522e-02
3.002504933242332308e-02
2.350683634357650029e-02
9.119120040669429286e-04
5.042709627204542029e-03
5.143804054242468587e-02
4.523783321322739220e-02
3.425230793703922666e-02
2.337391879064658687e-02
2.915508279266716685e-02
9.212366398700466783e-04
