-1.707387867301814869e-05
-1.295977226758558698e-02
-0.000000000000000000e+00
-1.967510846534153979e-03
-0.000000000000000000e+00
-0.000000000000000000e+00
-1.711742553919890354e-04
-1.640958319658680688e-03
-3.473534971644612335e-01
-5.078720162519044772e-04
-4.045271571086867524e-01
-4.557365842543010148e-04
-3.769767558612380220e-01
-7.485963817841546648e-04
-2.614105843006098717e-01
-2.421600678048189959e-04
-3.827449567723342772e-02
-1.382872910450155639e-02
-3.538731851669184303e-02
-3.297587131367292479e-02
-1.868574430297420888e-02
-5.488592337494618834e-02
-1.806123434532049682e-02
-2.165830321624502910e-02
-9.555530323101572854e-02
-7.829181494661921828e-03
-1.578409141434351515e-01
-4.008782491677880672e-02
-1.050852797548296608e-01
-1.506475800954328557e-02
-1.572236364865169378e-01
-6.911142454160790032e-03
-1.708016319329584420e-01
-1.560447159156390373e-01
-1.300622138748679379e-01
-1.117744610281923706e-01
-2.211812144212523812e-01
-1.590959946296710559e-01
-1.047552025736402936e-01
-7.318280847692612556e-02
-1.478588366578323376e-01
-0.000000000000000000e+00
-1.501352569882777321e-01
-8.694896095991653455e-05
-1.114934618031658692e-01
-1.349316977976024456e-01
-6.941023793857653557e-02
-5.455297803524831318e-03
-7.548309178743961047e-03
-0.000000000000000000e+00
-0.000000000000000000e+00
-0.000000000000000000e+00
-0.000000000000000000e+00
-4.408060453400503877e-03
-0.000000000000000000e+00
-0.000000000000000000e+00
-0.000000000000000000e+00
-0.000000000000000000e+00
-0.000000000000000000e+00
-5.955926146515783722e-04
-1.263423878711307556e-03
-0.000000000000000000e+00
-4.056795131845841729e-03
-2.180465116279069748e-01
-0.000000000000000000e+00
-1.002938034188034233e-01
-0.000000000000000000e+00
-1.711820534943917227e-01
-3.889537145079735537e-04
-3.090198632367306963e-01
-0.000000000000000000e+00
-2.871376811594202744e-02
-9.266852550434639610e-03
-5.481523485492864958e-03
-1.360824742268041190e-02
-4.821213338690236855e-03
-1.140078799564087433e-02
-3.265608291519288969e-02
-3.688836597688421176e-02
-6.629494064926623464e-02
-2.174482577940791209e-02
-1.683631361760660194e-01
-2.620439427534771056e-03
-9.136015532305037656e-02
-1.189909566872917593e-03
-1.294612098663359412e-01
-1.547116736990154784e-02
-1.536291356758143212e-01
-1.420922570016474595e-01
-4.252577319587629023e-02
-6.905561776782381811e-02
-9.020541827924977163e-02
-6.986027944111776466e-02
-7.008808885484488216e-02
-1.285671372784620015e-01
-6.121123559019321647e-02
-0.000000000000000000e+00
-9.337925755836203046e-02
-0.000000000000000000e+00
-5.289277785033302814e-02
-0.000000000000000000e+00
-1.139921722113502872e-01
-6.202089208404495957e-02
-1.450589301903898454e-02
-0.000000000000000000e+00
-1.438848920863309384e-03
-0.000000000000000000e+00
-0.000000000000000000e+00
-4.024144869215292089e-03
-0.000000000000000000e+00
-1.817080557238037611e-03
-0.000000000000000000e+00
-0.000000000000000000e+00
-0.000000000000000000e+00
-0.000000000000000000e+00
-1.302931596091205270e-03
-5.124919923126200830e-03
-1.205545509342977658e-03
-3.756886440376754899e-01
-1.294777729823047042e-03
-2.126984126984126922e-01
-0.000000000000000000e+00
-2.711571675302245077e-01
-0.000000000000000000e+00
-2.138958858102434912e-01
-8.140008140008139640e-04
-5.191620542282631562e-02
-3.100258971513133663e-02
-1.470588235294117627e-02
-4.130989935406339034e-03
-9.260700389105059119e-03
-6.181561285764747282e-03
-2.932742440041710003e-03
-1.562990889098334751e-02
-6.514143653833232017e-02
-1.748366013071895458e-02
-1.447871925029285411e-01
-1.138952164009111563e-03
-8.975078581050741078e-02
-1.598721023181454799e-03
-1.650732302685109787e-01
-1.242750621375310728e-03
-1.194794952681388078e-01
-3.187189054726368154e-01
-1.583850931677018570e-01
-3.769918383210260626e-02
-2.430555555555555594e-02
-1.476841305998481402e-01
-5.776173285198556162e-02
-3.747680890538033355e-02
-1.081555834378920972e-01
-0.000000000000000000e+00
-8.008412878175052985e-02
-3.317850033178500321e-04
-1.056493030080704332e-01
-0.000000000000000000e+00
-8.868742609381158326e-02
-6.240688280348336697e-02
-4.799040191961607277e-03
-0.000000000000000000e+00
-0.000000000000000000e+00
-0.000000000000000000e+00
-0.000000000000000000e+00
-0.000000000000000000e+00
-0.000000000000000000e+00
-0.000000000000000000e+00
-4.294478527607362324e-03
-1.805054151624548801e-03
-0.000000000000000000e+00
-0.000000000000000000e+00
-0.000000000000000000e+00
-1.976437131830184879e-01
-0.000000000000000000e+00
-1.592370338619802927e-01
-9.298000929800092663e-04
-3.458920373595060771e-01
-9.496676163342830483e-04
-1.403609831029185850e-01
-0.000000000000000000e+00
-4.214393775664577145e-03
-7.853086867222422787e-03
-4.892885480031737913e-03
-1.308738664468260537e-02
-6.218544741107225049e-02
-1.037234042553191460e-01
-8.831841733396137220e-03
-3.751931141028470602e-03
-1.292619254805790763e-01
-1.147446930579460594e-03
-1.574665891923300309e-01
-4.066073697585768573e-03
-9.113447044823483334e-02
-7.523127945540233896e-02
-1.223308464111139693e-01
-5.198856251624642093e-04
-2.846832397754611027e-02
-7.439733998337490217e-02
-3.303787268331990351e-02
-1.555275325767129131e-02
-2.365415986949429006e-02
-2.763342696629213502e-01
-2.233314318311465929e-01
-3.866290777285541491e-02
-9.081527347781218062e-02
-0.000000000000000000e+00
-1.138695116947066044e-01
-0.000000000000000000e+00
-8.469193309337286202e-02
-9.350341925302473045e-02
-7.198815805373182108e-02
-9.865005192107995785e-03
-0.000000000000000000e+00
-3.833515881708652717e-03
-0.000000000000000000e+00
-0.000000000000000000e+00
-0.000000000000000000e+00
-0.000000000000000000e+00
-0.000000000000000000e+00
-2.279202279202279056e-03
-6.626905235255135893e-04
-6.915629322268326785e-04
-0.000000000000000000e+00
-0.000000000000000000e+00
-0.000000000000000000e+00
-3.274896518139761570e-01
-1.472754050073637674e-03
-4.273304376879385469e-01
-1.321585903083700390e-03
-1.843654822335025478e-01
-5.319148936170212854e-04
-2.128745837957824738e-01
-0.000000000000000000e+00
-1.140385371608336647e-02
-2.012758468983721905e-02
-7.944263481722764475e-02
-7.395311706219609427e-02
-3.526358184910050736e-02
-1.977947027395703106e-02
-8.471313053523296319e-03
-9.249342809852983960e-03
-1.374619939190270534e-01
-4.476040021063717317e-03
-1.132696527688137333e-01
-1.320787593657431480e-01
-1.160899378089618877e-01
-2.464616886285993236e-02
-1.346251053074978832e-01
-1.663102874792112083e-03
-5.515947467166979618e-02
-1.030881017257039012e-01
-6.644379440033430784e-02
-1.751754945756222037e-01
-4.029212682579266236e-01
-8.698857353483228916e-02
-2.763058289174867566e-02
-4.986470815616544233e-02
-1.017448447767958369e-01
-0.000000000000000000e+00
-1.152348819101998434e-01
-0.000000000000000000e+00
-6.119648737650933146e-02
-9.674620390455530849e-02
-6.814331217385410921e-02
-0.000000000000000000e+00
-1.949317738791422894e-03
-0.000000000000000000e+00
-0.000000000000000000e+00
-0.000000000000000000e+00
-7.407407407407407690e-03
-0.000000000000000000e+00
-4.640371229698375677e-03
-0.000000000000000000e+00
-0.000000000000000000e+00
-0.000000000000000000e+00
-0.000000000000000000e+00
-0.000000000000000000e+00
-0.000000000000000000e+00
-0.000000000000000000e+00
-0.000000000000000000e+00
-0.000000000000000000e+00
-1.191464137522228878e-01
-0.000000000000000000e+00
-2.704530087897227819e-02
-0.000000000000000000e+00
-4.741608950452850385e-02
-0.000000000000000000e+00
-1.872246696035242408e-01
-0.000000000000000000e+00
-4.286326618088298233e-04
-4.939491232403062353e-04
-1.547588341501160598e-03
-0.000000000000000000e+00
-0.000000000000000000e+00
-7.004436142890497780e-04
-4.156275976724854715e-03
-9.074704261870037217e-03
-5.351620276993411529e-02
-0.000000000000000000e+00
-1.116111611161116068e-01
-0.000000000000000000e+00
-5.910430998174926592e-02
-0.000000000000000000e+00
-6.966416874826533712e-02
-4.221388367729831358e-03
-4.956521739130434479e-02
-1.207729468599033759e-03
-6.144393241167434710e-03
-5.656108597285067728e-03
-6.079027355623100280e-03
-2.503128911138923721e-03
-3.680981595092024539e-03
-1.802884615384615224e-02
-2.388535031847133921e-02
-0.000000000000000000e+00
-3.575832305795314386e-02
-0.000000000000000000e+00
-1.652331371661385287e-02
-0.000000000000000000e+00
-3.861308116627265585e-02
-0.000000000000000000e+00
-2.384971013429221243e-02
-5.073500715493690222e-03
-0.000000000000000000e+00
-7.462686567164178962e-03
-0.000000000000000000e+00
-0.000000000000000000e+00
-0.000000000000000000e+00
-2.053388090349076052e-03
-0.000000000000000000e+00
-7.012622720897615514e-04
-0.000000000000000000e+00
-0.000000000000000000e+00
-0.000000000000000000e+00
-0.000000000000000000e+00
-0.000000000000000000e+00
-0.000000000000000000e+00
-0.000000000000000000e+00
-0.000000000000000000e+00
-0.000000000000000000e+00
-2.388552559163456268e-01
-0.000000000000000000e+00
-3.066507367582636465e-02
-0.000000000000000000e+00
-4.454101032047800418e-02
-0.000000000000000000e+00
-1.193293885601577897e-01
-0.000000000000000000e+00
-1.137397634212920783e-02
-2.421307506053268881e-03
-2.889338341519792131e-04
-5.588153115395361886e-04
-0.000000000000000000e+00
-4.842615012106537544e-04
-0.000000000000000000e+00
-3.542609722495571566e-03
-4.777436684574060122e-02
-2.600780234070221124e-03
-9.543461439257157342e-02
-0.000000000000000000e+00
-3.615298715801228135e-02
-0.000000000000000000e+00
-8.108907960935188286e-02
-0.000000000000000000e+00
-7.423904974016332266e-04
-4.867256637168141525e-02
-1.285714285714285691e-02
-2.645502645502645356e-03
-1.382978723404255234e-02
-3.164556962025316406e-03
-1.377410468319559267e-03
-6.671114076050699932e-04
-4.878048780487805047e-02
-0.000000000000000000e+00
-3.686420905272981552e-02
-0.000000000000000000e+00
-2.090163934426229539e-02
-0.000000000000000000e+00
-4.946996466431095169e-02
-0.000000000000000000e+00
-3.721007842482896427e-02
-4.678362573099415292e-03
-0.000000000000000000e+00
-3.191489361702127495e-03
-0.000000000000000000e+00
-1.560062402496099898e-03
-0.000000000000000000e+00
-4.371584699453551909e-03
-0.000000000000000000e+00
-3.548616039744499455e-03
-0.000000000000000000e+00
-0.000000000000000000e+00
-0.000000000000000000e+00
-0.000000000000000000e+00
-0.000000000000000000e+00
-0.000000000000000000e+00
-0.000000000000000000e+00
-0.000000000000000000e+00
-0.000000000000000000e+00
-2.011385199240986743e-01
-0.000000000000000000e+00
-3.288314738696417744e-02
-0.000000000000000000e+00
-4.164222873900293165e-02
-0.000000000000000000e+00
-2.137973896830329401e-01
-0.000000000000000000e+00
-8.154506437768240662e-03
-0.000000000000000000e+00
-0.000000000000000000e+00
-6.448839208942390780e-04
-8.587376556462001341e-04
-2.364625206904705582e-04
-2.777777777777777775e-04
-3.846932577444826720e-03
-5.115253925980347421e-02
-6.134969325153374594e-04
-9.666168410563029390e-02
-0.000000000000000000e+00
-5.297233666862860568e-02
-6.752194463200540632e-04
-9.276642738818331735e-02
-5.938242280285035892e-04
-3.883495145631067798e-03
-3.855050115651503621e-03
-2.150537634408602149e-03
-5.128205128205128201e-03
-3.676470588235294067e-03
-2.219140083217753176e-02
-6.877579092159559482e-03
-6.640106241699867372e-03
-6.325706594885599499e-02
-0.000000000000000000e+00
-4.146449051610057168e-02
-0.000000000000000000e+00
-2.399520095980803985e-02
-0.000000000000000000e+00
-3.580901856763926000e-02
-0.000000000000000000e+00
-3.071504317527647479e-02
-7.170294494238156277e-03
-0.000000000000000000e+00
-1.985370950888192335e-02
-0.000000000000000000e+00
-8.103727714748784052e-04
-0.000000000000000000e+00
-5.464480874316939886e-03
-0.000000000000000000e+00
-3.709198813056379957e-03
-0.000000000000000000e+00
-0.000000000000000000e+00
-0.000000000000000000e+00
-0.000000000000000000e+00
-0.000000000000000000e+00
-0.000000000000000000e+00
-0.000000000000000000e+00
-0.000000000000000000e+00
-0.000000000000000000e+00
-1.943056943056943042e-01
-0.000000000000000000e+00
-9.041095890410959235e-02
-0.000000000000000000e+00
-7.346938775510204744e-02
-0.000000000000000000e+00
-1.057834898665348522e-01
-0.000000000000000000e+00
-2.123065851025548664e-02
-1.930916112422227096e-03
-0.000000000000000000e+00
-1.973943939992104150e-04
-8.496176720475786051e-04
-1.143118427069044450e-03
-0.000000000000000000e+00
-0.000000000000000000e+00
-4.490302010450801518e-02
-1.085271317829457349e-02
-8.980804387568555591e-02
-0.000000000000000000e+00
-5.433580792923708991e-02
-0.000000000000000000e+00
-1.515613099771515593e-01
-0.000000000000000000e+00
-0.000000000000000000e+00
-8.398133748055987280e-02
-9.356725146198830584e-03
-0.000000000000000000e+00
-1.422475106685633069e-03
-3.361344537815126252e-03
-2.912621359223301065e-03
-0.000000000000000000e+00
-3.993610223642172358e-02
-0.000000000000000000e+00
-3.639082751744765476e-02
-0.000000000000000000e+00
-3.337874659400544980e-02
-0.000000000000000000e+00
-2.095154954168485309e-02
-0.000000000000000000e+00
-3.110731811393215376e-02
-6.984712704269899902e-03
-0.000000000000000000e+00
-8.588957055214724648e-03
-0.000000000000000000e+00
-0.000000000000000000e+00
-0.000000000000000000e+00
-1.109877913429522731e-02
-0.000000000000000000e+00
-3.663003663003663000e-03
-0.000000000000000000e+00
-0.000000000000000000e+00
-0.000000000000000000e+00
-0.000000000000000000e+00
-0.000000000000000000e+00
-0.000000000000000000e+00
-0.000000000000000000e+00
-0.000000000000000000e+00
-0.000000000000000000e+00
-8.230198019801980569e-02
-0.000000000000000000e+00
-2.384378211716341178e-01
-0.000000000000000000e+00
-3.330843913368184972e-01
-0.000000000000000000e+00
-1.879286694101508781e-01
-0.000000000000000000e+00
-3.254678600488201696e-03
-1.074806534823731724e-03
-9.153783563873066700e-03
-2.720725526807148478e-02
-6.598482349059716159e-03
-2.435344827586206906e-02
-3.211805555555555247e-02
-8.022130013831257900e-03
-4.060058219702773058e-02
-0.000000000000000000e+00
-1.505343511450381588e-01
-7.497116493656285838e-03
-5.109704020026505783e-02
-3.700962250185047941e-03
-8.462055070517125743e-02
-1.587301587301587300e-03
-3.703703703703703498e-02
-1.149425287356321823e-02
-1.739130434782608717e-02
-2.462686567164179205e-02
-3.429602888086642765e-02
-8.962868117797695780e-03
-5.185185185185185036e-02
-1.302235179786200292e-01
-7.432057681641708602e-02
-0.000000000000000000e+00
-6.245933636955107449e-02
-0.000000000000000000e+00
-4.394531250000000000e-02
-0.000000000000000000e+00
-9.480122324159021008e-02
-0.000000000000000000e+00
-5.335295740962193306e-02
-5.454793399699986098e-03
-0.000000000000000000e+00
-0.000000000000000000e+00
-0.000000000000000000e+00
-0.000000000000000000e+00
-0.000000000000000000e+00
-5.574136008918617949e-03
-0.000000000000000000e+00
-2.358490566037735759e-03
-0.000000000000000000e+00
-0.000000000000000000e+00
-0.000000000000000000e+00
-0.000000000000000000e+00
-0.000000000000000000e+00
-0.000000000000000000e+00
-0.000000000000000000e+00
-0.000000000000000000e+00
-0.000000000000000000e+00
-1.360544217687074953e-01
-0.000000000000000000e+00
-6.902985074626866169e-02
-0.000000000000000000e+00
-1.785243741765480951e-01
-0.000000000000000000e+00
-1.477832512315271074e-01
-0.000000000000000000e+00
-8.896797153024911878e-03
-8.288437629506837561e-04
-1.186239620403321555e-03
-3.617945007235889745e-04
-6.821282401091405224e-04
-2.653106345346009295e-03
-7.015650296815973720e-03
-8.810572687224670421e-03
-6.825174825174824822e-02
-0.000000000000000000e+00
-1.780469897209985275e-01
-0.000000000000000000e+00
-8.471492114840274701e-02
-0.000000000000000000e+00
-1.469002695417789828e-01
-3.809523809523809521e-03
-6.204379562043795676e-02
-3.462603878116343736e-02
-7.812500000000000000e-03
-1.367989056087551281e-02
-6.765899864682002780e-03
-2.852852852852852741e-02
-1.507537688442210991e-02
-6.614349775784753027e-02
-4.666332162568991720e-02
-0.000000000000000000e+00
-7.793209876543209791e-02
-0.000000000000000000e+00
-5.235940530058177250e-02
-0.000000000000000000e+00
-5.836575875486381404e-02
-0.000000000000000000e+00
-4.031250000000000111e-02
-4.568050517264544280e-03
-0.000000000000000000e+00
-1.098901098901098987e-02
-0.000000000000000000e+00
-7.163323782234956799e-04
-0.000000000000000000e+00
-3.831417624521072599e-03
-0.000000000000000000e+00
-3.538570417551309064e-03
-0.000000000000000000e+00
-0.000000000000000000e+00
-0.000000000000000000e+00
-0.000000000000000000e+00
-0.000000000000000000e+00
-0.000000000000000000e+00
-0.000000000000000000e+00
-2.512562814070351796e-03
-0.000000000000000000e+00
-1.943270971635485955e-01
-0.000000000000000000e+00
-8.829174664107485027e-02
-0.000000000000000000e+00
-6.071871127633209075e-02
-0.000000000000000000e+00
-6.338939197930142100e-02
-0.000000000000000000e+00
-5.670665212649945476e-03
-4.388229220443985550e-03
-2.325581395348837177e-03
-2.208201892744479384e-03
-1.414027149321266932e-03
-2.575423105224429726e-03
-2.938583602703497173e-04
-2.272081794944617959e-03
-5.465640753515521588e-02
-1.061007957559681599e-03
-1.162301216089803579e-01
-0.000000000000000000e+00
-8.224442736356649131e-02
-0.000000000000000000e+00
-1.446254071661237650e-01
-0.000000000000000000e+00
-1.222826086956521792e-02
-7.085020242914980004e-02
-5.029940119760478723e-02
-6.622516556291390723e-03
-6.965174129353234045e-03
-2.832861189801699851e-03
-6.993006993006993001e-03
-1.179941002949852491e-02
-6.501831501831502325e-02
-0.000000000000000000e+00
-7.401129943502825215e-02
-0.000000000000000000e+00
-9.400998336106489162e-02
-0.000000000000000000e+00
-7.704527402700556138e-02
-0.000000000000000000e+00
-4.151352060908374692e-02
-6.526923559683695669e-03
-0.000000000000000000e+00
-2.850627137970353567e-02
-0.000000000000000000e+00
-2.902757619738751804e-03
-0.000000000000000000e+00
-1.318944844124700193e-02
-0.000000000000000000e+00
-2.840909090909090988e-03
-0.000000000000000000e+00
-0.000000000000000000e+00
-0.000000000000000000e+00
-0.000000000000000000e+00
-0.000000000000000000e+00
-0.000000000000000000e+00
-0.000000000000000000e+00
-0.000000000000000000e+00
-0.000000000000000000e+00
-1.440677966101694962e-01
-2.538071065989847518e-03
-2.904800650935719930e-01
-0.000000000000000000e+00
-1.753802281368821159e-01
-0.000000000000000000e+00
-1.534772182254196538e-01
-0.000000000000000000e+00
-2.155992390615091986e-02
-4.009819967266775587e-02
-1.217137293086660230e-02
-6.183973202782787684e-03
-9.202453987730061999e-03
-6.645279560036663341e-03
-1.603077909586405822e-03
-5.496921723834652905e-03
-6.342568391705871722e-02
-1.187530925284512560e-02
-8.552418046088931802e-02
-2.923976608187134341e-03
-8.537477148080438449e-02
-1.422981145499822072e-03
-1.149493746277546191e-01
-0.000000000000000000e+00
-3.225806451612903136e-02
-5.714285714285714107e-02
-1.892450879007238906e-01
-5.216284987277353818e-02
-4.252199413489735763e-02
-3.510204081632652823e-02
-4.624871531346351483e-02
-4.945904173106645957e-02
-1.113513513513513520e-01
-0.000000000000000000e+00
-2.597005805071799650e-02
-0.000000000000000000e+00
-8.135072908672294489e-02
-0.000000000000000000e+00
-2.580645161290322578e-02
-0.000000000000000000e+00
-6.524916317005327593e-02
-1.598776588349784533e-02
-0.000000000000000000e+00
-2.450980392156862711e-03
-0.000000000000000000e+00
-7.072135785007072377e-04
-0.000000000000000000e+00
-1.181102362204724393e-02
-0.000000000000000000e+00
-7.911392405063291016e-04
-0.000000000000000000e+00
-0.000000000000000000e+00
-0.000000000000000000e+00
-0.000000000000000000e+00
-0.000000000000000000e+00
-0.000000000000000000e+00
-0.000000000000000000e+00
-0.000000000000000000e+00
-0.000000000000000000e+00
-3.245749613601236344e-02
-0.000000000000000000e+00
-6.109550561797752466e-02
-0.000000000000000000e+00
-3.374291115311909284e-01
-0.000000000000000000e+00
-1.239792130660727493e-01
-0.000000000000000000e+00
-4.537205081669691293e-04
-5.353319057815846124e-04
-0.000000000000000000e+00
-0.000000000000000000e+00
-4.106194690265486946e-02
-7.343274009940677083e-02
-7.480130902290790459e-03
-5.184033177812337988e-04
-1.045792079207920749e-01
-0.000000000000000000e+00
-8.875739644970413733e-02
-0.000000000000000000e+00
-9.613572101790764102e-02
-1.118850674793208516e-01
-6.884464385866517766e-02
-0.000000000000000000e+00
-2.515723270440251447e-03
-7.604562737642585508e-03
-1.367989056087551281e-03
-0.000000000000000000e+00
-0.000000000000000000e+00
-5.542900531511010115e-02
-1.818181818181818232e-01
-1.089918256130790152e-02
-7.924203273040482387e-02
-0.000000000000000000e+00
-2.708933717579250708e-02
-0.000000000000000000e+00
-4.874446085672082957e-02
-0.000000000000000000e+00
-9.616342800199302598e-02
-0.000000000000000000e+00
-7.744903033316757890e-02
-7.455012853470437129e-03
-2.936857562408223148e-04
-2.089864158829676279e-03
-0.000000000000000000e+00
-8.500772797527048064e-03
-0.000000000000000000e+00
-1.230769230769230768e-02
-0.000000000000000000e+00
-7.830853563038371167e-04
-0.000000000000000000e+00
-0.000000000000000000e+00
-0.000000000000000000e+00
-2.631578947368420993e-03
-0.000000000000000000e+00
-0.000000000000000000e+00
-0.000000000000000000e+00
-0.000000000000000000e+00
-0.000000000000000000e+00
-2.058319039451115065e-02
-0.000000000000000000e+00
-3.619909502262443762e-02
-0.000000000000000000e+00
-6.838608831574834179e-02
-0.000000000000000000e+00
-3.894389438943894610e-02
-0.000000000000000000e+00
-0.000000000000000000e+00
-1.407129455909943714e-03
-1.285347043701799393e-03
-2.924926876828079329e-03
-2.439024390243902524e-02
-2.793462109955423614e-02
-2.162496138399752892e-03
-1.425516749821810480e-03
-1.124572848710779782e-01
-0.000000000000000000e+00
-1.095305832147937392e-01
-0.000000000000000000e+00
-4.111826304159861556e-02
-1.707317073170731836e-02
-1.227513227513227501e-01
-9.259259259259259613e-04
-6.106870229007633523e-03
-8.438818565400843172e-03
-0.000000000000000000e+00
-4.538577912254160469e-03
-1.772525849335302925e-02
-9.386281588447653590e-02
-8.813559322033898136e-02
-1.401273885350318507e-02
-1.472754050073637674e-02
-0.000000000000000000e+00
-1.288810779144698368e-02
-0.000000000000000000e+00
-1.714731098986749941e-02
-0.000000000000000000e+00
-3.209590100541376972e-02
-0.000000000000000000e+00
-4.399901471765502864e-02
-8.442540322580644602e-03
-0.000000000000000000e+00
-2.932551319648093839e-03
-0.000000000000000000e+00
-2.284843869002285005e-03
-0.000000000000000000e+00
-1.037344398340248964e-03
-0.000000000000000000e+00
-2.380952380952381167e-03
-0.000000000000000000e+00
-0.000000000000000000e+00
-0.000000000000000000e+00
-0.000000000000000000e+00
-0.000000000000000000e+00
-0.000000000000000000e+00
-0.000000000000000000e+00
-0.000000000000000000e+00
-0.000000000000000000e+00
-2.134646962233169021e-01
-0.000000000000000000e+00
-1.708312085670576352e-01
-1.811594202898550747e-03
-1.273885350318471332e-01
-0.000000000000000000e+00
-1.101754385964912319e-01
-0.000000000000000000e+00
-5.774456521739130058e-03
-4.024144869215292089e-03
-2.787579393083980395e-02
-1.808590806330067843e-02
-2.014388489208633008e-03
-3.861003861003861094e-03
-4.849324558365084546e-03
-4.111842105263157666e-03
-9.163772375100187606e-02
-0.000000000000000000e+00
-7.798928109406763620e-02
-5.323193916349809596e-02
-5.870976654234009995e-02
-1.683501683501683428e-03
-8.945454545454545325e-02
-1.659751037344398298e-03
-1.193755739210284640e-02
-3.912363067292645019e-02
-2.627939142461964070e-02
-6.469298245614035769e-02
-1.295336787564766723e-01
-5.177514792899408358e-02
-2.388059701492537337e-02
-1.494023904382470180e-02
-3.393501805054151971e-02
-0.000000000000000000e+00
-8.867775138558986470e-02
-0.000000000000000000e+00
-5.692307692307692346e-02
-0.000000000000000000e+00
-4.404145077720206941e-02
-0.000000000000000000e+00
-4.528091675950978584e-02
-7.135575942915392371e-03
-0.000000000000000000e+00
-1.976284584980237194e-02
-0.000000000000000000e+00
-4.654771140418929344e-03
-0.000000000000000000e+00
-7.092198581560283516e-03
-0.000000000000000000e+00
-2.336448598130840947e-03
-0.000000000000000000e+00
-0.000000000000000000e+00
-0.000000000000000000e+00
-0.000000000000000000e+00
-0.000000000000000000e+00
-0.000000000000000000e+00
-0.000000000000000000e+00
-0.000000000000000000e+00
-0.000000000000000000e+00
-1.173184357541899453e-01
-0.000000000000000000e+00
-3.186231244483671565e-01
-0.000000000000000000e+00
-1.011813045711350834e-01
-0.000000000000000000e+00
-1.190640055058499597e-01
-0.000000000000000000e+00
-1.845018450184501791e-03
-9.462365591397849454e-03
-7.508799374266718341e-02
-3.817733990147783446e-02
-2.150537634408602322e-02
-1.109057301293900084e-03
-5.668257756563245542e-03
-9.279307145066501223e-04
-9.953298307063630779e-02
-0.000000000000000000e+00
-8.142741281427412492e-02
-8.522025524907368699e-02
-8.302986161689730749e-02
-1.480384900074019176e-03
-9.318660735190821554e-02
-0.000000000000000000e+00
-3.440366972477064411e-02
-1.497005988023952100e-02
-2.875816993464052132e-02
-1.917177914110429482e-01
-1.379980563654032988e-01
-3.250000000000000111e-02
-3.597122302158273568e-03
-1.503759398496240518e-02
-5.716586151368759777e-02
-0.000000000000000000e+00
-8.199811498586238867e-02
-0.000000000000000000e+00
-4.616013071895425091e-02
-0.000000000000000000e+00
-3.948025987006496818e-02
-0.000000000000000000e+00
-7.149046793760831242e-02
-1.054880491387368176e-02
-0.000000000000000000e+00
-1.115618661257606475e-02
-0.000000000000000000e+00
-4.149377593360995854e-03
-0.000000000000000000e+00
-7.714561234329797741e-03
-0.000000000000000000e+00
-4.950495049504950555e-03
-0.000000000000000000e+00
-0.000000000000000000e+00
-0.000000000000000000e+00
-0.000000000000000000e+00
-0.000000000000000000e+00
-0.000000000000000000e+00
-0.000000000000000000e+00
-0.000000000000000000e+00
-0.000000000000000000e+00
-6.896551724137930939e-02
-0.000000000000000000e+00
-3.345280764635603227e-02
-0.000000000000000000e+00
-4.647952139898757495e-02
-0.000000000000000000e+00
-4.705882352941176405e-02
-0.000000000000000000e+00
-2.743142144638404181e-03
-6.449532408900354339e-04
-2.346630908481394436e-03
-1.553139560683381489e-03
-3.194888178913737886e-03
-2.991325157044570898e-03
-1.643115346697338053e-03
-1.380897583429229044e-03
-8.112149532710280497e-02
-0.000000000000000000e+00
-1.090682455593642852e-01
-0.000000000000000000e+00
-6.383298287774105684e-02
-0.000000000000000000e+00
-1.048623315758640956e-01
-8.591065292096219767e-04
-2.747252747252747207e-02
-1.907968574635241291e-02
-1.925545571245186258e-02
-1.702127659574468113e-02
-2.243211334120424894e-02
-1.824817518248175036e-02
-1.534828807556080227e-02
-2.011494252873563190e-02
-5.670103092783505133e-02
-0.000000000000000000e+00
-7.980049875311720498e-02
-0.000000000000000000e+00
-7.552870090634440647e-02
-0.000000000000000000e+00
-6.170886075949367361e-02
-0.000000000000000000e+00
-3.229838366048348036e-02
-1.340996168582375518e-02
-0.000000000000000000e+00
-7.268951194184839273e-03
-0.000000000000000000e+00
-5.177514792899408705e-03
-0.000000000000000000e+00
-4.807692307692307959e-03
-0.000000000000000000e+00
-1.888574126534466567e-03
-0.000000000000000000e+00
-0.000000000000000000e+00
-0.000000000000000000e+00
-0.000000000000000000e+00
-0.000000000000000000e+00
-0.000000000000000000e+00
-0.000000000000000000e+00
-0.000000000000000000e+00
-0.000000000000000000e+00
-2.120974076983503653e-01
-0.000000000000000000e+00
-1.337539432176656218e-01
-0.000000000000000000e+00
-3.520881670533642649e-01
-0.000000000000000000e+00
-2.894248608534322753e-01
-0.000000000000000000e+00
-1.085776330076004392e-03
-0.000000000000000000e+00
-8.823529411764706194e-04
-1.381639545594104922e-02
-2.146386658431130232e-02
-1.681159420289855128e-02
-1.607717041800643069e-03
-3.929974991068238901e-03
-7.373093997297819335e-02
-0.000000000000000000e+00
-1.222627737226277406e-01
-1.689189189189189283e-03
-6.714456391875746333e-02
-2.201257861635219984e-02
-1.751994680851063912e-01
-0.000000000000000000e+00
-6.289308176100629269e-03
-1.587301587301587300e-03
-1.779935275080906168e-02
-4.048582995951417046e-03
-1.237623762376237682e-02
-9.370424597364568342e-02
-5.003909304143862313e-02
-8.389261744966442988e-03
-9.632224168126093944e-02
-0.000000000000000000e+00
-8.569299552906110840e-02
-0.000000000000000000e+00
-5.046153846153846045e-02
-0.000000000000000000e+00
-6.511175898931001460e-02
-0.000000000000000000e+00
-5.521009986809873732e-02
-6.469500924214418094e-03
-0.000000000000000000e+00
-1.612903225806451568e-02
-0.000000000000000000e+00
-7.692307692307692735e-03
-0.000000000000000000e+00
-9.933774834437086518e-03
-0.000000000000000000e+00
-4.770992366412213880e-03
-0.000000000000000000e+00
-0.000000000000000000e+00
-0.000000000000000000e+00
-0.000000000000000000e+00
-0.000000000000000000e+00
-0.000000000000000000e+00
-0.000000000000000000e+00
-0.000000000000000000e+00
-0.000000000000000000e+00
-2.279411764705882304e-01
-0.000000000000000000e+00
-3.298550724637681064e-01
-0.000000000000000000e+00
-1.170282708744247169e-01
-0.000000000000000000e+00
-1.238499646142958294e-01
-0.000000000000000000e+00
-3.191828917969996853e-04
-2.029769959404600747e-03
-2.003929273084479462e-02
-1.024258760107816663e-01
-6.517427033153867788e-03
-0.000000000000000000e+00
-0.000000000000000000e+00
-5.364806866952789681e-04
-8.993055555555555525e-02
-1.768346595932802738e-03
-1.487437185929648131e-01
-7.226890756302521701e-02
-7.821164510166359052e-02
-0.000000000000000000e+00
-1.420828493999225783e-01
-0.000000000000000000e+00
-4.201680672268907381e-03
-6.410256410256410034e-03
-1.385041551246537399e-03
-3.457216940363008056e-02
-1.727712508638562516e-01
-1.013941698352344677e-02
-4.297994269340974297e-03
-0.000000000000000000e+00
-7.351351351351351204e-02
-0.000000000000000000e+00
-6.406685236768802638e-02
-0.000000000000000000e+00
-5.241730279898218492e-02
-0.000000000000000000e+00
-6.085192697768762593e-02
-0.000000000000000000e+00
-5.487143194149563669e-02
-1.337562051847766137e-02
-0.000000000000000000e+00
-5.797101449275362389e-03
-0.000000000000000000e+00
-1.963350785340314038e-03
-0.000000000000000000e+00
-5.853658536585365849e-03
-0.000000000000000000e+00
-8.591065292096219767e-04
-0.000000000000000000e+00
-0.000000000000000000e+00
-0.000000000000000000e+00
-0.000000000000000000e+00
-0.000000000000000000e+00
-0.000000000000000000e+00
-0.000000000000000000e+00
-0.000000000000000000e+00
-0.000000000000000000e+00
-3.952299829642248463e-01
-0.000000000000000000e+00
-2.448377581120944058e-01
-0.000000000000000000e+00
-1.976878612716763128e-01
-0.000000000000000000e+00
-2.702290076335877589e-01
-0.000000000000000000e+00
-9.226401703335699103e-03
-0.000000000000000000e+00
-3.995641118779513432e-03
-4.370830457786979359e-03
-1.431200163565732883e-03
-1.272669424117085562e-03
-1.233243967828418289e-02
-1.021505376344086086e-02
-1.146788990825688137e-01
-0.000000000000000000e+00
-9.314394974050806131e-02
-6.510416666666666305e-04
-9.467989179440937375e-02
-7.067137809187278843e-04
-1.113794144280108728e-01
-0.000000000000000000e+00
-9.352517985611510931e-02
-3.484848484848485084e-02
-3.076923076923076920e-03
-8.139534883720930120e-03
-9.649122807017544365e-03
-7.238883143743536815e-03
-5.154639175257731860e-03
-3.534777651083238076e-02
-8.394698085419734224e-02
-0.000000000000000000e+00
-5.749805749805749627e-02
-0.000000000000000000e+00
-5.349999999999999895e-02
-0.000000000000000000e+00
-5.213613323678494005e-02
-0.000000000000000000e+00
-4.353304609381351137e-02
-4.455846610856063067e-03
-3.501833838303300972e-01
-3.479360699091640918e-01
-3.442884801548886653e-01
-2.300142247510668647e-01
-2.069966613441718770e-02
-2.440523924084469359e-02
-1.762623531147057207e-02
-1.515866771570941601e-02
-1.700442580945725479e-01
-0.000000000000000000e+00
-1.950941243582429985e-01
-1.704863973619126227e-01
-1.670877547582954314e-01
-2.616568583069261988e-01
-1.478097285675893623e-02
-1.979345955249569786e-02
-1.354319180087847768e-02
-1.372949376892205857e-02
-6.142449768920646425e-02
-1.604493251739458337e-01
-1.222921034241788996e-02
-9.569104423306824814e-02
-3.837018088799561653e-03
-8.517034068136272729e-02
-8.728367193378480660e-02
-4.126846220677671262e-02
-6.305609284332688858e-02
-7.718027305656172121e-02
-3.851907255048616502e-02
-4.861111111111111188e-02
-1.034985422740524741e-01
-3.814508723599632778e-01
-2.463194902219292548e-01
-3.377786624203821808e-01
-2.038980509745127456e-01
-2.011585715195111229e-02
-1.218389176170574413e-02
-1.018512146445530245e-02
-7.240547063555913092e-03
-9.886803266943688939e-03
-1.335113484646194889e-03
-1.661637497485415338e-01
-5.780346820809248443e-02
-1.513683010262257822e-01
-9.940828402366863603e-02
-2.479674796747967369e-02
-2.338941321296676354e-02
-1.469372416384817637e-01
-6.485771012574453875e-02
-3.087409783480352804e-02
-1.200740544829410200e-01
-8.074335148990707811e-02
-1.014150943396226467e-01
-8.482400461627236099e-02
-0.000000000000000000e+00
-0.000000000000000000e+00
-0.000000000000000000e+00
-2.380357885975863397e-01
-1.454104148278905495e-01
-3.632107023411371149e-01
-1.325118483412322246e-01
-1.041938004688721005e-02
-1.105774600692505279e-02
-3.284452448332046692e-02
-6.807277994025527634e-02
-1.121582781899605613e-01
-4.206098843322817957e-03
-1.666179764339273672e-01
-1.006317437244926422e-01
-4.856083348048737675e-02
-1.401682589476686280e-01
-2.353834472285497303e-02
-7.540983606557377650e-02
-5.660377358490566169e-02
-1.267962806424344918e-02
-1.134521880064829832e-02
-8.820960698689955803e-02
-1.780032912781130128e-01
-8.793969849246231762e-02
-1.071287908625443153e-01
-8.361055666444887347e-02
-1.005353955978584152e-01
-0.000000000000000000e+00
-0.000000000000000000e+00
-2.900656044985941984e-01
-4.477929445133841391e-01
-1.646291768541157385e-01
-2.777903043968432684e-01
-4.092795171633346191e-02
-3.907978174310573760e-02
-1.282881948943890085e-02
-2.615858073859522043e-02
-1.571352218065205641e-01
-7.506144828890148890e-02
-1.390146016565622089e-01
-1.163066698314740161e-02
-6.998341625207296635e-02
-9.456473707467963341e-02
-4.395604395604395948e-02
-1.203389830508474617e-01
-3.324407039020658150e-01
-9.120128565689031297e-02
-3.393135725429017452e-02
-6.207634677131644574e-02
-9.146990002127207420e-02
-0.000000000000000000e+00
-0.000000000000000000e+00
-0.000000000000000000e+00
-0.000000000000000000e+00
-0.000000000000000000e+00
-0.000000000000000000e+00
-0.000000000000000000e+00
-1.239316239316239354e-01
-4.822777454968042027e-02
-0.000000000000000000e+00
-5.772230889235569623e-02
-2.387669801462904973e-01
-0.000000000000000000e+00
-2.192501644376233273e-03
-1.417865100263317754e-03
-9.487666034155597906e-04
-7.907221929362150473e-03
-5.287896592244418353e-02
-1.422475106685633069e-03
-1.360768999699609461e-01
-3.881987577639751290e-04
-5.949350127294653762e-02
-0.000000000000000000e+00
-8.221476510067114718e-02
-3.762935089369708486e-03
-4.101221640488655895e-02
-1.027397260273972546e-02
-1.181683899556868617e-02
-2.219755826859045548e-03
-5.249343832020997302e-03
-5.854800936768150312e-03
-1.199040767386091045e-03
-2.294685990338164380e-02
-2.748511223087494321e-02
-3.048780487804877981e-02
-2.010916403332375924e-02
-3.640588690937258259e-02
-6.147540983606557263e-03
-0.000000000000000000e+00
-0.000000000000000000e+00
-3.222341568206229991e-03
-0.000000000000000000e+00
-0.000000000000000000e+00
-0.000000000000000000e+00
-0.000000000000000000e+00
-0.000000000000000000e+00
-1.586178184845961625e-01
-8.580030105368791071e-02
-0.000000000000000000e+00
-7.337526205450733974e-02
-5.815423514538559102e-02
-0.000000000000000000e+00
-1.215014102842265110e-02
-9.825595676737901730e-04
-4.808848280836739504e-04
-7.108118219229330077e-03
-3.958691910499139571e-02
-0.000000000000000000e+00
-1.093750000000000000e-01
-0.000000000000000000e+00
-3.747892620931137647e-02
-0.000000000000000000e+00
-4.265997490589711755e-02
-5.227391531625718559e-04
-1.255539143279172862e-02
-3.165938864628820709e-02
-5.780346820809248269e-03
-5.434782608695652023e-03
-2.787456445993031356e-02
-1.531393568147013844e-03
-1.336898395721925056e-03
-6.169031462060456687e-04
-3.966155473294553230e-02
-2.270147559591373376e-02
-0.000000000000000000e+00
-2.896416298478154266e-02
-6.409130816505706485e-02
-0.000000000000000000e+00
-4.223541422467576995e-02
-4.153686396677050766e-03
-0.000000000000000000e+00
-0.000000000000000000e+00
-6.666666666666667095e-03
-0.000000000000000000e+00
-0.000000000000000000e+00
-0.000000000000000000e+00
-0.000000000000000000e+00
-0.000000000000000000e+00
-0.000000000000000000e+00
-0.000000000000000000e+00
-2.228885557221389202e-01
-6.881587104773713437e-02
-0.000000000000000000e+00
-8.909730363423212784e-02
-2.140102827763496196e-01
-0.000000000000000000e+00
-6.430201203069902879e-03
-2.176278563656148092e-04
-1.687407719890318507e-03
-5.313713468219905846e-03
-5.276027461675914659e-02
-0.000000000000000000e+00
-1.006458557588805203e-01
-0.000000000000000000e+00
-4.615384615384615641e-02
-0.000000000000000000e+00
-9.433435668434272947e-02
-0.000000000000000000e+00
-9.950248756218905283e-03
-3.499562554680665013e-03
-6.583278472679394023e-04
-1.468428781204111520e-03
-2.378121284185493248e-03
-2.130492676431424912e-02
-7.067137809187279060e-03
-1.347708894878706272e-03
-7.261247040252565010e-02
-3.669319186560565660e-02
-0.000000000000000000e+00
-3.802992518703241648e-02
-4.164037854889589968e-02
-0.000000000000000000e+00
-3.196891590367007679e-02
-1.754385964912280604e-02
-0.000000000000000000e+00
-7.830853563038371167e-04
-0.000000000000000000e+00
-4.561003420752565707e-03
-0.000000000000000000e+00
-0.000000000000000000e+00
-0.000000000000000000e+00
-0.000000000000000000e+00
-3.317563571850975501e-01
-1.147239263803681020e-01
-0.000000000000000000e+00
-1.504464285714285643e-01
-0.000000000000000000e+00
-9.887157442235357252e-02
-0.000000000000000000e+00
-1.945098039215686220e-02
-6.956194773453656770e-03
-4.724261246000376752e-02
-1.731343283582089526e-02
-8.438143151154813004e-02
-0.000000000000000000e+00
-6.107104495933712157e-02
-9.460737937559129604e-04
-1.498127340823970088e-01
-0.000000000000000000e+00
-0.000000000000000000e+00
-7.573415765069552164e-02
-1.334816462736373825e-02
-0.000000000000000000e+00
-0.000000000000000000e+00
-2.625298329355608626e-02
-1.628352490421455800e-02
-0.000000000000000000e+00
-4.180064308681671892e-02
-3.371917463512833640e-02
-0.000000000000000000e+00
-2.633269107257546482e-02
-2.446483180428134577e-02
-0.000000000000000000e+00
-2.858776443682103929e-02
-4.962779156327543420e-03
-0.000000000000000000e+00
-0.000000000000000000e+00
-0.000000000000000000e+00
-0.000000000000000000e+00
-0.000000000000000000e+00
-0.000000000000000000e+00
-0.000000000000000000e+00
-0.000000000000000000e+00
-0.000000000000000000e+00
-0.000000000000000000e+00
-0.000000000000000000e+00
-7.755359394703656428e-02
-0.000000000000000000e+00
-2.469398616285258252e-01
-0.000000000000000000e+00
-2.126892573900504568e-01
-0.000000000000000000e+00
-1.838893409275834112e-01
-0.000000000000000000e+00
-1.992825827022718255e-03
-6.678452170496955616e-03
-2.156586966713549061e-02
-6.849315068493150305e-03
-1.379627500574844706e-02
-9.331778036993833986e-03
-3.629764065335753034e-03
-3.831178944089705385e-02
-0.000000000000000000e+00
-1.474576271186440746e-01
-2.202412165705296132e-02
-7.033816425120772986e-02
-1.962066710268149140e-03
-7.447125409591898171e-02
-1.098901098901098900e-03
-3.394625176803394567e-02
-8.759124087591241628e-03
-2.030456852791878014e-02
-2.492211838006230459e-02
-3.489702517162471263e-02
-1.550387596899224785e-02
-3.512195121951219856e-02
-3.406326034063260344e-02
-7.282110091743118629e-02
-5.708529214237743205e-02
-4.421768707482993249e-02
-8.860759493670886111e-02
-0.000000000000000000e+00
-0.000000000000000000e+00
-0.000000000000000000e+00
-0.000000000000000000e+00
-1.736111111111111049e-01
-0.000000000000000000e+00
-9.431680773881499780e-02
-0.000000000000000000e+00
-1.487553126897389055e-01
-0.000000000000000000e+00
-1.379679144385026757e-01
-0.000000000000000000e+00
-4.585403133358807552e-03
-6.036824630244491023e-04
-8.713331397037466864e-04
-2.530044275774826108e-03
-1.788109074653553921e-03
-5.589714924538848658e-04
-4.771642808452624708e-03
-6.967439293598233496e-02
-0.000000000000000000e+00
-1.710835290171083545e-01
-0.000000000000000000e+00
-7.089929269114179922e-02
-7.077140835102618778e-04
-1.536239495798319421e-01
-6.226650062266500573e-04
-4.620853080568720211e-02
-2.010050251256281437e-02
-9.887005649717514957e-03
-5.089058524173028369e-03
-2.580645161290322578e-03
-2.167630057803468166e-02
-9.708737864077669061e-03
-4.200700116686114510e-02
-5.789186237028946108e-02
-8.936825885978427753e-02
-5.855263157894737003e-02
-6.041923551171393680e-02
-4.217780840799448955e-02
-0.000000000000000000e+00
-0.000000000000000000e+00
-0.000000000000000000e+00
-0.000000000000000000e+00
-8.674033149171270218e-02
-0.000000000000000000e+00
-1.065203357004518986e-01
-0.000000000000000000e+00
-1.063964534515516175e-01
-4.879773691654879647e-02
-0.000000000000000000e+00
-2.312138728323699351e-04
-2.053388090349076052e-03
-2.589928057553956848e-03
-1.767304860088365253e-03
-2.175095160413267892e-03
-4.567814476458187042e-03
-0.000000000000000000e+00
-6.419073819348922183e-02
-0.000000000000000000e+00
-1.326116373477672639e-01
-0.000000000000000000e+00
-8.435446634700763391e-02
-0.000000000000000000e+00
-1.498079385403329189e-01
-0.000000000000000000e+00
-2.656042496679946689e-03
-1.029866117404737436e-02
-1.237623762376237682e-02
-8.294930875576037727e-03
-6.917755572636433321e-03
-3.773584905660377388e-03
-9.510869565217391908e-03
-2.691790040376850629e-03
-3.933566433566433596e-02
-6.431767337807606233e-02
-7.390146471371504544e-02
-7.585703865791393330e-02
-0.000000000000000000e+00
-0.000000000000000000e+00
-8.464328899637243303e-03
-0.000000000000000000e+00
-0.000000000000000000e+00
-0.000000000000000000e+00
-0.000000000000000000e+00
-0.000000000000000000e+00
-0.000000000000000000e+00
-0.000000000000000000e+00
-1.541339319117096818e-01
-0.000000000000000000e+00
-2.475019215987701859e-01
-0.000000000000000000e+00
-2.055944055944055882e-01
-0.000000000000000000e+00
-1.666666666666666574e-01
-0.000000000000000000e+00
-1.308615049073064314e-02
-1.229508196721311453e-02
-1.425516749821810480e-02
-7.337151037938439806e-03
-8.329477093937991128e-03
-5.614095698738987700e-02
-3.012048192771084494e-03
-8.290653008962868553e-02
-4.936530324400564308e-03
-8.205652025876744582e-02
-1.680107526881720456e-03
-9.671532846715329146e-02
-0.000000000000000000e+00
-2.304737516005121722e-02
-3.479576399394856273e-02
-9.300184162062614945e-02
-3.547066848567530933e-02
-3.484848484848485084e-02
-4.244229337304541994e-02
-4.736371760500446976e-02
-4.122137404580152736e-02
-6.096595407759303198e-02
-2.756302521008403492e-02
-9.178321678321678390e-02
-0.000000000000000000e+00
-2.371048252911813620e-02
-0.000000000000000000e+00
-5.232410464820929502e-02
-0.000000000000000000e+00
-0.000000000000000000e+00
-0.000000000000000000e+00
-0.000000000000000000e+00
-0.000000000000000000e+00
-0.000000000000000000e+00
-0.000000000000000000e+00
-0.000000000000000000e+00
-0.000000000000000000e+00
-0.000000000000000000e+00
-6.152185644900162037e-02
-0.000000000000000000e+00
-6.145584725536992754e-02
-0.000000000000000000e+00
-3.091149273447820200e-01
-0.000000000000000000e+00
-1.040419161676646720e-01
-0.000000000000000000e+00
-2.257973468811741522e-03
-1.515151515151515150e-03
-0.000000000000000000e+00
-0.000000000000000000e+00
-3.249630723781388175e-02
-5.818965517241379143e-02
-3.436426116838487907e-03
-0.000000000000000000e+00
-9.374167776298268639e-02
-0.000000000000000000e+00
-8.341056533827617692e-02
-0.000000000000000000e+00
-9.874723655121592225e-02
-6.731998295696633994e-02
-6.764143208526919582e-02
-0.000000000000000000e+00
-6.345177664974619228e-03
-2.478314745972738653e-02
-2.677376171352074865e-03
-0.000000000000000000e+00
-0.000000000000000000e+00
-4.918032786885245811e-02
-1.614814814814814758e-01
-0.000000000000000000e+00
-7.057823129251700189e-02
-4.171562867215040937e-02
-6.205923836389280746e-02
-8.723958333333332871e-02
-0.000000000000000000e+00
-0.000000000000000000e+00
-0.000000000000000000e+00
-0.000000000000000000e+00
-1.919504643962848325e-02
-3.193916349809886035e-02
-0.000000000000000000e+00
-9.675785207700100810e-02
-3.720626631853785754e-02
-0.000000000000000000e+00
-3.294892915980230470e-04
-4.405286343612334994e-04
-1.574307304785894273e-03
-1.226241569589209095e-02
-1.150937191713252185e-02
-1.896933291179260126e-03
-3.491620111731843687e-04
-9.171122994652405880e-02
-0.000000000000000000e+00
-1.494097807757167051e-01
-0.000000000000000000e+00
-4.849961244601926763e-02
-1.282798833819242049e-02
-1.346246973365617383e-01
-9.505703422053231886e-04
-1.432664756446991360e-03
-7.374631268436578069e-03
-1.273885350318471272e-03
-1.102362204724409434e-02
-8.438818565400843172e-03
-3.526734926052332159e-02
-2.631578947368420907e-02
-5.000000000000000104e-03
-1.515151515151515194e-02
-9.633911368015413493e-03
-1.280000000000000061e-02
-4.193389245189935860e-02
-0.000000000000000000e+00
-0.000000000000000000e+00
-0.000000000000000000e+00
-0.000000000000000000e+00
-1.866849691146190704e-01
-0.000000000000000000e+00
-1.471135940409683540e-01
-0.000000000000000000e+00
-9.794988610478359836e-02
-0.000000000000000000e+00
-9.475806451612903136e-02
-0.000000000000000000e+00
-4.032258064516128920e-03
-2.073971655720705139e-03
-2.737752161383285449e-02
-1.865332120109190056e-02
-1.164144353899883560e-03
-6.603081438004402073e-03
-2.362470469119136093e-03
-9.045005488474204547e-02
-0.000000000000000000e+00
-9.765897973445143709e-02
-1.523702031602708860e-02
-6.733420403424757172e-02
-8.488964346349745210e-04
-1.215442092154420950e-01
-1.725625539257981097e-03
-1.111111111111111154e-02
-2.014388489208632921e-02
-1.549295774647887342e-02
-5.801104972375690366e-02
-9.533468559837728062e-02
-4.236006051437216091e-02
-2.133712660028449365e-02
-8.574490889603429700e-03
-3.664921465968586090e-02
-8.559201141226818743e-02
-4.892546867855510073e-02
-5.121527777777777624e-02
-0.000000000000000000e+00
-0.000000000000000000e+00
-0.000000000000000000e+00
-0.000000000000000000e+00
-0.000000000000000000e+00
-0.000000000000000000e+00
-0.000000000000000000e+00
-9.714726291441788675e-02
-0.000000000000000000e+00
-2.959230416857535628e-01
-0.000000000000000000e+00
-8.333333333333332871e-02
-0.000000000000000000e+00
-1.282051282051281937e-01
-0.000000000000000000e+00
-3.151733453399369576e-03
-1.044596223382884652e-02
-5.048715677590788486e-02
-3.438069216757741464e-02
-3.485838779956426919e-03
-0.000000000000000000e+00
-4.079071226859114913e-03
-2.942618930848455317e-03
-8.697958101299389788e-02
-0.000000000000000000e+00
-7.867525850442079471e-02
-8.407871198568872551e-02
-1.021932995902627150e-01
-0.000000000000000000e+00
-6.890627982439397059e-02
-1.218769043266301104e-03
-2.564102564102564014e-02
-7.668711656441717754e-03
-7.122507122507122646e-03
-1.968576709796672763e-01
-9.519230769230768718e-02
-2.369668246445497811e-03
-0.000000000000000000e+00
-3.658536585365853439e-02
-6.198347107438016701e-02
-7.750631844987362906e-02
-4.549549549549549571e-02
-3.190428713858424470e-02
-1.425661914460285215e-02
-0.000000000000000000e+00
-0.000000000000000000e+00
-0.000000000000000000e+00
-4.878048780487804874e-03
-0.000000000000000000e+00
-0.000000000000000000e+00
-0.000000000000000000e+00
-0.000000000000000000e+00
-0.000000000000000000e+00
-0.000000000000000000e+00
-0.000000000000000000e+00
-0.000000000000000000e+00
-0.000000000000000000e+00
-0.000000000000000000e+00
-5.040504050405040376e-02
-0.000000000000000000e+00
-4.403669724770642446e-02
-0.000000000000000000e+00
-5.162523900573613711e-02
-0.000000000000000000e+00
-5.667752442996742968e-02
-0.000000000000000000e+00
-1.016823812164910357e-02
-2.443494196701282914e-03
-0.000000000000000000e+00
-6.963788300835654617e-04
-9.460737937559129604e-04
-2.005347593582887909e-03
-6.566604127579737937e-02
-1.306335728282168561e-03
-1.064476885644768805e-01
-8.156606851549755679e-04
-6.187596681198143794e-02
-0.000000000000000000e+00
-1.041792852816474796e-01
-0.000000000000000000e+00
-2.699530516431924987e-02
-1.022864019253911030e-02
-1.297405189620758417e-02
-1.125175808720112539e-02
-1.437125748502993995e-02
-1.522842639593908684e-02
-7.832898172323759026e-03
-2.275769745649263570e-02
-5.967865340474368813e-02
-5.868867491976157563e-02
-7.522796352583586976e-02
-0.000000000000000000e+00
-4.985163204747774385e-02
-0.000000000000000000e+00
-8.350730688935281004e-03
-0.000000000000000000e+00
-0.000000000000000000e+00
-7.014028056112224518e-03
-0.000000000000000000e+00
-0.000000000000000000e+00
-0.000000000000000000e+00
-0.000000000000000000e+00
-0.000000000000000000e+00
-0.000000000000000000e+00
-0.000000000000000000e+00
-0.000000000000000000e+00
-0.000000000000000000e+00
-0.000000000000000000e+00
-2.043090638930163405e-01
-0.000000000000000000e+00
-1.275167785234899431e-01
-0.000000000000000000e+00
-2.891760904684975708e-01
-0.000000000000000000e+00
-2.411067193675889286e-01
-0.000000000000000000e+00
-2.198285337436799332e-04
-2.192381474376541711e-03
-8.509297195083517784e-03
-2.117097386479778118e-02
-7.538416932444187007e-03
-3.192621496984746413e-03
-5.817300409028935276e-02
-0.000000000000000000e+00
-6.597124330420073290e-02
-0.000000000000000000e+00
-7.538588754134509240e-02
-1.740723774622079598e-02
-1.768192295027988248e-01
-0.000000000000000000e+00
-7.668711656441717754e-03
-0.000000000000000000e+00
-1.263823064770932050e-02
-2.844950213371266138e-03
-6.756756756756757132e-03
-1.269296740994854122e-01
-3.193146417445482527e-02
-3.189792663476874023e-03
-9.090909090909091161e-02
-0.000000000000000000e+00
-6.936813186813187149e-02
-6.148648648648648990e-02
-7.541738629821531648e-02
-5.116201996768714871e-02
-9.814612868047982788e-03
-0.000000000000000000e+00
-0.000000000000000000e+00
-5.452562704471101453e-03
-0.000000000000000000e+00
-0.000000000000000000e+00
-0.000000000000000000e+00
-0.000000000000000000e+00
-0.000000000000000000e+00
-0.000000000000000000e+00
-0.000000000000000000e+00
-0.000000000000000000e+00
-0.000000000000000000e+00
-0.000000000000000000e+00
-2.810164424514200454e-01
-0.000000000000000000e+00
-3.840052875082617390e-01
-0.000000000000000000e+00
-1.102096010818120336e-01
-0.000000000000000000e+00
-1.699142634450506728e-01
-0.000000000000000000e+00
-3.076923076923077029e-04
-1.472995090016366616e-02
-3.454172366621067330e-02
-2.233389168062534930e-03
-8.077544426494346220e-04
-9.982530571499875945e-04
-8.614287836031486734e-02
-8.680555555555555074e-04
-1.326957561267184671e-01
-3.353828954723309108e-02
-9.476138233680746203e-02
-0.000000000000000000e+00
-9.163498098859315655e-02
-0.000000000000000000e+00
-3.764115432873274721e-03
-4.580152671755725359e-03
-2.781641168289290551e-03
-3.432700993676603141e-02
-1.645021645021645107e-01
-7.633587786259541687e-03
-0.000000000000000000e+00
-4.608294930875576033e-03
-5.982142857142857401e-02
-0.000000000000000000e+00
-5.559276624246483473e-02
-0.000000000000000000e+00
-5.928411633109619688e-02
-7.198612315698178776e-02
-4.824905941208087329e-02
-8.273009307135471141e-03
-0.000000000000000000e+00
-1.937984496124030981e-03
-0.000000000000000000e+00
-1.489572989076464772e-02
-0.000000000000000000e+00
-0.000000000000000000e+00
-0.000000000000000000e+00
-0.000000000000000000e+00
-0.000000000000000000e+00
-0.000000000000000000e+00
-0.000000000000000000e+00
-0.000000000000000000e+00
-0.000000000000000000e+00
-0.000000000000000000e+00
-3.222222222222222432e-01
-0.000000000000000000e+00
-1.957605985037406404e-01
-0.000000000000000000e+00
-1.625360230547550355e-01
-0.000000000000000000e+00
-2.785046728971962704e-01
-0.000000000000000000e+00
-2.478314745972738566e-03
-2.400174558149683734e-03
-1.596009975062344030e-02
-2.082544490723210739e-02
-9.835045129162776900e-02
-0.000000000000000000e+00
-1.093955321944809489e-01
-0.000000000000000000e+00
-8.488573074707124466e-02
-0.000000000000000000e+00
-1.186228482003129914e-01
-1.474201474201474252e-02
-7.880220646178093258e-02
-1.294964028776978381e-02
-0.000000000000000000e+00
-4.160887656033286988e-03
-7.194244604316547137e-03
-5.382131324004306092e-03
-3.973509933774834434e-03
-3.919491525423728778e-02
-5.000000000000000278e-02
-4.690831556503198552e-02
-0.000000000000000000e+00
-7.043343653250773440e-02
-0.000000000000000000e+00
-4.583333333333333010e-02
-0.000000000000000000e+00
-3.490868311438641292e-01
-3.560675706734083845e-01
-3.457063179151841359e-01
-1.364394529078171991e-01
-7.670755432700614163e-02
-0.000000000000000000e+00
-0.000000000000000000e+00
-0.000000000000000000e+00
-0.000000000000000000e+00
-1.860124496521420590e-01
-1.805111821086262114e-01
-1.693989071038251304e-01
-2.289015650138949698e-01
-1.623759628061897248e-02
-7.931538300981005873e-03
-1.681791196675430367e-01
-1.292705447830101544e-02
-1.021724192610603127e-01
-5.119453924914675602e-03
-8.768096148593280958e-02
-1.015419330575404316e-01
-5.252188411838266263e-02
-8.738244514106582872e-02
-9.756848261003385481e-02
-5.649717514124293766e-02
-5.263157894736841813e-02
-1.092211280214861191e-01
-1.155880130949382967e-01
-6.346019796458943207e-02
-0.000000000000000000e+00
-0.000000000000000000e+00
-3.602347762289068167e-01
-2.924464487034949545e-01
-3.788680781758957394e-01
-2.180207433016421725e-01
-1.256106071179344079e-02
-1.038007026509102544e-02
-8.476137829371659799e-03
-1.744090441932168445e-01
-4.618768328445747862e-02
-1.059286316381005955e-01
-9.674529710361301493e-02
-3.036605657237936851e-02
-2.649816551161842532e-02
-1.174311926605504652e-01
-6.110572259941804418e-02
-2.546756864305610782e-02
-6.157183054556823742e-02
-0.000000000000000000e+00
-0.000000000000000000e+00
-0.000000000000000000e+00
-0.000000000000000000e+00
-2.321428571428571508e-01
-1.313789359391965283e-01
-3.380672543258243512e-01
-1.302631578947368307e-01
-1.266139108704706327e-02
-3.977069150841992112e-02
-1.203579117330462883e-01
-5.111167901865575937e-03
-1.588327638747806803e-01
-3.252177003732006216e-02
-2.720559657986785715e-02
-8.934426229508196649e-02
-6.711409395973154390e-02
-1.821060965954077529e-02
-1.039881831610044299e-01
-1.346883468834688402e-01
-3.242835595776772523e-02
-8.271397746343801816e-02
-1.032437442075996303e-01
-8.351436157373884339e-02
-0.000000000000000000e+00
-0.000000000000000000e+00
-0.000000000000000000e+00
-0.000000000000000000e+00
-3.507167572911517595e-01
-4.403041825095057038e-01
-1.616960843984581175e-01
-3.575903614457831559e-01
-3.454633672974284642e-02
-2.559842935890659088e-02
-2.242466713384723073e-02
-4.152062550552709785e-02
-1.478688070855244951e-01
-4.074889867841409441e-02
-1.972685887708649360e-02
-7.585034013605441994e-02
-9.509202453987730674e-02
-5.792304509722796813e-02
-1.037735849056603821e-01
-2.731013842124953017e-01
-6.815464328417696060e-02
-3.559127439724454889e-02
-7.430340557275541546e-02
-9.744341994970662224e-02
-8.179737788449614744e-02
-0.000000000000000000e+00
-0.000000000000000000e+00
-0.000000000000000000e+00
-0.000000000000000000e+00
-1.161137440758293893e-01
-5.811965811965812134e-02
-6.511627906976744096e-02
-3.014452856159669514e-01
-2.249948864798527372e-03
-7.162823200559049856e-03
-5.947567497065345266e-02
-1.405307599517491013e-01
-8.038585209003215343e-04
-1.272615762036185261e-01
-2.935420743639921559e-03
-3.324584426946631394e-02
-5.807200929152148659e-03
-1.055806938159879402e-02
-2.049180327868852305e-02
-1.492537313432835792e-02
-4.667444574095682211e-03
-1.187648456057007178e-03
-1.905972045743329138e-02
-3.855140186915887585e-02
-3.285077951002227103e-02
-4.124513618677042720e-02
-2.270603302066387386e-02
-0.000000000000000000e+00
-0.000000000000000000e+00
-0.000000000000000000e+00
-0.000000000000000000e+00
-0.000000000000000000e+00
-1.839024390243902407e-01
-9.462789551503203445e-02
-0.000000000000000000e+00
-8.022483392948390191e-02
-1.101549053356282309e-01
-0.000000000000000000e+00
-7.502679528403000987e-03
-5.952380952380952051e-03
-7.012622720897615514e-04
-1.042183622828784101e-01
-0.000000000000000000e+00
-3.713670613562970735e-02
-0.000000000000000000e+00
-5.613945142271212219e-02
-0.000000000000000000e+00
-1.801801801801801786e-02
-5.417607223476297862e-02
-1.035502958579881741e-02
-0.000000000000000000e+00
-1.726121979286536143e-02
-1.445086705202312067e-03
-1.275510204081632551e-03
-1.207729468599033759e-03
-3.552492046659597169e-02
-2.585521081941129576e-02
-0.000000000000000000e+00
-6.603773584905660299e-02
-0.000000000000000000e+00
-4.140322988547274347e-02
-0.000000000000000000e+00
-0.000000000000000000e+00
-0.000000000000000000e+00
-0.000000000000000000e+00
-0.000000000000000000e+00
-0.000000000000000000e+00
-0.000000000000000000e+00
-2.519553072625698165e-01
-1.392931392931393009e-01
-1.683937823834196768e-01
-2.151123213070115781e-01
-0.000000000000000000e+00
-4.828797190517998203e-03
-6.951759005687802723e-03
-0.000000000000000000e+00
-1.051901193449902849e-01
-0.000000000000000000e+00
-3.919007184846505683e-03
-1.085247883917775102e-01
-0.000000000000000000e+00
-1.191567369385884527e-02
-8.403361344537814762e-03
-0.000000000000000000e+00
-3.016591251885369657e-03
-2.430133657351154098e-03
-2.543507362784471273e-02
-6.833712984054669815e-03
-1.275510204081632551e-03
-6.417910447761193682e-02
-4.110946012877662176e-02
-0.000000000000000000e+00
-5.145565335138795049e-02
-3.826199740596628041e-02
-3.349466082814780976e-02
-0.000000000000000000e+00
-0.000000000000000000e+00
-0.000000000000000000e+00
-0.000000000000000000e+00
-3.300000000000000155e-01
-1.452830188679245238e-01
-1.515151515151515194e-01
-1.034482758620689641e-01
-1.272074229272672843e-02
-6.602641056422569113e-03
-7.396449704142011444e-03
-1.393034825870646809e-01
-0.000000000000000000e+00
-2.328288707799767120e-03
-6.372934697088906975e-02
-1.081081081081081141e-02
-0.000000000000000000e+00
-0.000000000000000000e+00
-6.523407521105141493e-02
-2.245088868101028853e-02
-0.000000000000000000e+00
-2.922309337134711485e-02
-0.000000000000000000e+00
-3.642611683848797494e-02
-3.022885815689634048e-02
-0.000000000000000000e+00
-0.000000000000000000e+00
-0.000000000000000000e+00
-0.000000000000000000e+00
-0.000000000000000000e+00
-0.000000000000000000e+00
-1.003236245954692574e-01
-0.000000000000000000e+00
-2.591756070016939528e-01
-1.739130434782608760e-03
-1.888011486001435757e-01
-0.000000000000000000e+00
-1.759656652360515050e-01
-0.000000000000000000e+00
-1.456953642384106046e-02
-5.572361088998566830e-03
-5.349381477766632954e-03
-5.416511019798281312e-02
-0.000000000000000000e+00
-1.549413735343383447e-01
-2.425373134328358271e-02
-7.713915298184961800e-02
-8.230452674897120041e-03
-3.606388459556929271e-03
-3.675450762829403362e-02
-2.909647779479326152e-02
-3.812824956672443422e-02
-2.453987730061349751e-02
-3.755868544600939052e-02
-1.841359773371104708e-02
-3.514376996805111675e-02
-3.846153846153846367e-02
-6.012212306247064625e-02
-0.000000000000000000e+00
-5.926430517711171742e-02
-4.842105263157894801e-02
-9.419680403700589344e-02
-5.129321605852129456e-02
-1.127395715896279543e-03
-0.000000000000000000e+00
-0.000000000000000000e+00
-7.600434310532030308e-03
-0.000000000000000000e+00
-0.000000000000000000e+00
-0.000000000000000000e+00
-0.000000000000000000e+00
-0.000000000000000000e+00
-0.000000000000000000e+00
-0.000000000000000000e+00
-0.000000000000000000e+00
-0.000000000000000000e+00
-0.000000000000000000e+00
-2.021812080536912748e-01
-0.000000000000000000e+00
-9.449760765550238584e-02
-0.000000000000000000e+00
-1.512605042016806622e-01
-0.000000000000000000e+00
-1.382385730211817265e-01
-0.000000000000000000e+00
-3.992015968063871920e-03
-1.949317738791422894e-03
-1.366867140513941970e-03
-1.557632398753894037e-03
-8.741258741258741251e-04
-4.730617608409986782e-03
-8.548638807005375095e-02
-0.000000000000000000e+00
-1.631648063033486473e-01
-0.000000000000000000e+00
-7.089793281653747337e-02
-0.000000000000000000e+00
-1.311931243680485304e-01
-6.410256410256410251e-04
-3.172978505629477780e-02
-2.649006622516556289e-02
-1.895043731778425777e-02
-1.115241635687732290e-02
-1.662049861495844966e-02
-2.295552367288378887e-02
-2.853598014888337336e-02
-4.003558718861210258e-02
-4.074505238649592243e-02
-0.000000000000000000e+00
-7.495741056218058196e-02
-0.000000000000000000e+00
-4.583602324080051499e-02
-0.000000000000000000e+00
-5.606860158311345599e-02
-0.000000000000000000e+00
-4.360465116279069880e-02
-4.494688095886678961e-03
-0.000000000000000000e+00
-0.000000000000000000e+00
-0.000000000000000000e+00
-1.196172248803827705e-03
-0.000000000000000000e+00
-0.000000000000000000e+00
-0.000000000000000000e+00
-0.000000000000000000e+00
-0.000000000000000000e+00
-0.000000000000000000e+00
-0.000000000000000000e+00
-0.000000000000000000e+00
-1.315623023402909542e-01
-0.000000000000000000e+00
-1.227621483375959111e-01
-0.000000000000000000e+00
-1.207243460764587523e-01
-0.000000000000000000e+00
-5.730659025787965960e-02
-0.000000000000000000e+00
-9.394081728511038476e-04
-2.178649237472767095e-03
-2.340550029256875404e-03
-2.816901408450704376e-03
-4.937458854509546059e-03
-1.171303074670570999e-03
-7.766334627722437656e-02
-0.000000000000000000e+00
-1.012243113248797594e-01
-0.000000000000000000e+00
-8.463449254790632315e-02
-0.000000000000000000e+00
-1.479902557856272727e-01
-0.000000000000000000e+00
-9.320905459387483771e-03
-2.414928649835345817e-02
-2.657004830917874399e-02
-9.523809523809524669e-03
-8.571428571428571855e-03
-5.610098176718092411e-03
-2.088772845953002638e-02
-1.445466491458607082e-02
-3.859348198970840443e-02
-0.000000000000000000e+00
-6.373762376237623872e-02
-0.000000000000000000e+00
-8.188757807078417272e-02
-0.000000000000000000e+00
-7.801418439716312214e-02
-0.000000000000000000e+00
-4.088586030664394938e-02
-0.000000000000000000e+00
-0.000000000000000000e+00
-0.000000000000000000e+00
-0.000000000000000000e+00
-0.000000000000000000e+00
-0.000000000000000000e+00
-1.724285104566794791e-01
-0.000000000000000000e+00
-2.281089036055923558e-01
-0.000000000000000000e+00
-2.331258975586404936e-01
-0.000000000000000000e+00
-1.551849166062364005e-01
-0.000000000000000000e+00
-1.079471431230225216e-02
-7.628990162617948177e-03
-9.475346552026671712e-03
-1.252900232018561502e-02
-5.761461443878447553e-02
-6.150061500615006333e-04
-2.789400278940027799e-03
-8.259837177747625381e-02
-1.576292559899117275e-03
-8.432461009780597982e-02
-0.000000000000000000e+00
-1.439790575916230324e-02
-4.189772027110289648e-02
-1.354775828460038911e-01
-4.134366925064599657e-02
-3.538461538461538242e-02
-5.152027027027027140e-02
-6.528835690968444461e-02
-5.175292153589315658e-02
-5.610098176718092411e-02
-3.642671292281005752e-02
-7.098283931357254883e-02
-2.414654454621149166e-02
-5.008117896840264677e-02
-0.000000000000000000e+00
-0.000000000000000000e+00
-0.000000000000000000e+00
-0.000000000000000000e+00
-6.674542232722976975e-02
-0.000000000000000000e+00
-6.585788561525129925e-02
-0.000000000000000000e+00
-3.296654929577464976e-01
-0.000000000000000000e+00
-1.098484848484848481e-01
-0.000000000000000000e+00
-2.149510389300214770e-03
-1.597444089456868943e-03
-1.119820828667413221e-03
-2.895238095238095166e-02
-5.359394703656998604e-02
-8.661758336942398983e-04
-1.001383125864453716e-01
-0.000000000000000000e+00
-9.502617801047121004e-02
-0.000000000000000000e+00
-9.759650400582665919e-02
-4.850274145929987096e-02
-7.088948787061995216e-02
-1.300390117035110562e-03
-3.349875930521091505e-02
-1.222826086956521792e-02
-3.378378378378378566e-03
-0.000000000000000000e+00
-5.315110098709187325e-02
-1.715881883479648817e-01
-3.846153846153846367e-03
-5.468164794007490670e-02
-5.083655083655083673e-02
-5.510204081632653211e-02
-8.949599623174753216e-02
-0.000000000000000000e+00
-0.000000000000000000e+00
-0.000000000000000000e+00
-1.162790697674418589e-02
-0.000000000000000000e+00
-0.000000000000000000e+00
-0.000000000000000000e+00
-0.000000000000000000e+00
-0.000000000000000000e+00
-0.000000000000000000e+00
-0.000000000000000000e+00
-0.000000000000000000e+00
-0.000000000000000000e+00
-0.000000000000000000e+00
-2.055702917771883367e-02
-0.000000000000000000e+00
-2.980625931445603574e-02
-0.000000000000000000e+00
-8.672985781990520671e-02
-0.000000000000000000e+00
-3.904282115869017744e-02
-0.000000000000000000e+00
-6.174745291756715071e-04
-4.308487720809995626e-04
-1.614465611882466827e-03
-2.609262883235485830e-03
-1.278928136419001278e-02
-9.797060881735479565e-03
-1.608234158893534884e-03
-3.690036900369003583e-04
-1.049079754601227044e-01
-0.000000000000000000e+00
-1.652690426275331970e-01
-0.000000000000000000e+00
-5.527431933233000610e-02
-3.426613363792118620e-03
-1.176590538336052261e-01
-0.000000000000000000e+00
-9.943181818181818024e-03
-9.302325581395348708e-03
-1.259445843828715331e-03
-6.069802731411229335e-03
-1.483679525222551983e-02
-2.073104200763775315e-02
-1.435897435897435896e-02
-2.369668246445497811e-03
-1.368925393566050586e-02
-0.000000000000000000e+00
-1.064584811923349923e-02
-0.000000000000000000e+00
-1.293451899757477701e-02
-0.000000000000000000e+00
-3.710575139146567863e-02
-0.000000000000000000e+00
-4.551898422090729784e-02
-1.019462465245597749e-02
-0.000000000000000000e+00
-0.000000000000000000e+00
-1.930501930501930547e-03
-0.000000000000000000e+00
-0.000000000000000000e+00
-0.000000000000000000e+00
-0.000000000000000000e+00
-0.000000000000000000e+00
-0.000000000000000000e+00
-0.000000000000000000e+00
-0.000000000000000000e+00
-0.000000000000000000e+00
-0.000000000000000000e+00
-1.792799412196914022e-01
-0.000000000000000000e+00
-1.683070866141732347e-01
-0.000000000000000000e+00
-1.082753286929621084e-01
-0.000000000000000000e+00
-8.853118712273641555e-02
-0.000000000000000000e+00
-1.757469244288224850e-03
-8.925619834710744188e-03
-1.930116472545757161e-02
-1.181281235801908205e-02
-1.736111111111111015e-03
-3.891050583657587603e-03
-6.581834137779727679e-03
-3.023888720895071144e-04
-8.488733488733488097e-02
-8.389261744966442771e-04
-8.418323249783923878e-02
-1.543209876543209791e-02
-7.818368043700921199e-02
-1.700680272108843474e-03
-1.063409819886503849e-01
-0.000000000000000000e+00
-1.788375558867362144e-02
-4.606240713224368788e-02
-6.858710562414265834e-03
-4.315960912052117099e-02
-7.590759075907591025e-02
-3.741007194244604095e-02
-1.737967914438502681e-02
-1.068090787716955911e-02
-2.367288378766140705e-02
-0.000000000000000000e+00
-7.832699619771862909e-02
-0.000000000000000000e+00
-6.083086053412462696e-02
-0.000000000000000000e+00
-4.684838160136286372e-02
-0.000000000000000000e+00
-4.657329598506069340e-02
-0.000000000000000000e+00
-0.000000000000000000e+00
-0.000000000000000000e+00
-0.000000000000000000e+00
-1.405877680698967569e-01
-0.000000000000000000e+00
-3.314549180327868716e-01
-0.000000000000000000e+00
-8.897876643073811265e-02
-0.000000000000000000e+00
-1.248561565017261288e-01
-0.000000000000000000e+00
-1.396753491883729638e-02
-3.954399714998219073e-02
-0.000000000000000000e+00
-7.123070834982192338e-03
-9.424233743912918682e-02
-0.000000000000000000e+00
-8.256748994830556687e-02
-6.458604247941049370e-02
-1.105864811133200759e-01
-0.000000000000000000e+00
-7.453658536585365535e-02
-1.470588235294117627e-03
-1.773323053199691440e-02
-1.139601139601139658e-02
-2.635046113306982810e-02
-1.393514460999123461e-01
-6.987724268177525344e-02
-0.000000000000000000e+00
-0.000000000000000000e+00
-4.211663066954643431e-02
-6.456140350877193068e-02
-8.073541167066347612e-02
-5.989847715736040801e-02
-3.159478435305917987e-02
-0.000000000000000000e+00
-0.000000000000000000e+00
-0.000000000000000000e+00
-0.000000000000000000e+00
-4.370282081843464284e-02
-3.400954653937947325e-02
-5.326743547501373161e-02
-5.530253741054001054e-02
-0.000000000000000000e+00
-1.037938439513242696e-02
-6.404679766011699138e-02
-3.571428571428571317e-03
-1.041787579802669755e-01
-0.000000000000000000e+00
-1.032159264931087339e-01
-0.000000000000000000e+00
-2.554744525547445258e-02
-9.604519774011300096e-03
-1.432958034800409404e-02
-1.420454545454545407e-02
-1.589242053789731088e-02
-1.059602649006622516e-02
-4.037685060565275944e-03
-2.294197031039136442e-02
-4.813278008298755434e-02
-8.118971061093246955e-02
-5.220338983050847731e-02
-8.350730688935281004e-03
-0.000000000000000000e+00
-0.000000000000000000e+00
-4.098360655737705131e-03
-0.000000000000000000e+00
-0.000000000000000000e+00
-0.000000000000000000e+00
-0.000000000000000000e+00
-0.000000000000000000e+00
-0.000000000000000000e+00
-0.000000000000000000e+00
-0.000000000000000000e+00
-2.281124497991967870e-01
-1.217579250720461082e-01
-0.000000000000000000e+00
-2.672688629117959680e-01
-2.459157351676698189e-01
-0.000000000000000000e+00
-1.250781738586616634e-03
-3.844921499519384899e-03
-1.301288009560483405e-02
-6.191950464396285200e-03
-6.448104412678681840e-02
-0.000000000000000000e+00
-1.181818181818181795e-01
-8.190008190008190529e-04
-1.214574898785425114e-02
-1.749999999999999889e-01
-8.984725965858041813e-04
-6.510416666666666956e-03
-4.360465116279069707e-03
-1.708074534161490785e-02
-1.485884101040118796e-03
-1.111111111111111154e-02
-1.351606805293005809e-01
-3.273577552611067754e-02
-2.976190476190476025e-03
-8.854166666666667129e-02
-7.437407952871870342e-02
-0.000000000000000000e+00
-6.987577639751552105e-02
-7.393939393939394367e-02
-0.000000000000000000e+00
-0.000000000000000000e+00
-0.000000000000000000e+00
-0.000000000000000000e+00
-0.000000000000000000e+00
-0.000000000000000000e+00
-0.000000000000000000e+00
-2.841357537490133978e-01
-3.727810650887574129e-01
-0.000000000000000000e+00
-9.242618741976893482e-02
-1.696141479099678440e-01
-0.000000000000000000e+00
-1.856240126382306330e-02
-1.569910057236304293e-02
-1.219809709685289135e-03
-8.492506611813105399e-02
-8.620689655172413673e-04
-1.278085789320105026e-01
-3.526448362720402928e-03
-8.984725965858041813e-04
-1.017147310989867520e-01
-0.000000000000000000e+00
-2.127659574468085141e-03
-6.172839506172839164e-03
-5.747126436781609116e-03
-4.770642201834862650e-02
-1.362510322047894296e-01
-2.316602316602316483e-02
-0.000000000000000000e+00
-3.194888178913737886e-03
-5.954465849387040322e-02
-6.200432588320115013e-02
-0.000000000000000000e+00
-6.526946107784431517e-02
-6.305578011317704290e-02
-4.913428080325325797e-02
-0.000000000000000000e+00
-0.000000000000000000e+00
-0.000000000000000000e+00
-0.000000000000000000e+00
-0.000000000000000000e+00
-3.325358851674641292e-01
-0.000000000000000000e+00
-1.670630202140309106e-01
-1.724955542382928253e-01
-0.000000000000000000e+00
-3.492496589358799475e-01
-0.000000000000000000e+00
-2.622464126669965534e-02
-4.653174191316380992e-02
-9.015275504637207393e-02
-0.000000000000000000e+00
-1.289782244556113844e-01
-2.481751824817518201e-02
-6.504065040650407192e-02
-2.945508100147275349e-02
-0.000000000000000000e+00
-7.012622720897615514e-03
-6.688963210702341018e-03
-7.276507276507276911e-03
-4.000000000000000083e-03
-3.256704980842911601e-02
-5.727119595732734630e-02
-4.647676161919040566e-02
-7.717303005686433626e-02
-5.466970387243735852e-02
-6.817711767198392442e-04
-9.635568477433574617e-04
-1.222571960508132436e-03
-8.922082424653804758e-04
-2.121295141185366301e-02
-3.247919061713623601e-02
-3.129002488210228666e-02
-3.218051460622898402e-02
-2.307793260968592497e-01
-2.084275897777116138e-01
-7.561991245317056798e-02
-2.626704453194196276e+01
-1.739782759561797576e+01
-3.500401429811024201e+01
-1.434705335163893736e+01
-4.967141542284986451e-03
-6.011236370029112049e-04
-9.872705777745789928e-04
-2.757431276671201692e-02
-3.572835078186988034e-02
-3.971601527125514369e-02
-3.595278448173428593e-02
-1.510846152960550193e-01
-3.439771264258646877e+00
-5.409258543754753568e+00
-5.247809957760970256e+00
-4.191448056632633090e+00
-9.334789695163058431e-04
-1.540554636628963274e-03
-1.574227725032138802e-03
-1.466466766111004533e-03
-3.598134380063031101e-02
-4.837908178306582485e-02
-5.273413083175255284e-02
-5.214026821752264923e-02
-1.504293604232231352e-01
-1.631708811275352777e-01
-1.871819059564667542e+00
-2.394463758615100968e+00
-2.859687251083968373e+00
-1.992605340348796217e+00
-1.066928400344253902e-01
-1.687706404263565929e+01
-1.082934608467025939e+01
-2.432127502467960056e+01
-1.039582210754994129e+01
-9.381487108011331635e-03
-8.369241772805636678e-03
-9.201184842127886621e-02
-2.567439251107429765e+00
-3.559035187154783397e+00
-3.957602360608096781e+00
-7.150346967275405738e-03
-1.642345396505184851e+00
-1.836691987118410196e+00
-2.440433321961000601e+00
-1.786007462411691504e+00
-1.458723176699644686e+00
-1.015838441751480414e-01
-1.779551551431949008e+01
-1.151041252371829948e+01
-2.588802414743359037e+01
-1.099472871573103383e+01
-8.576757419034306343e-03
-2.731021003391363777e+00
-3.808625933121493112e+00
-4.248526344802519006e+00
-3.577479854389850278e+00
-1.608302641140476608e-01
-1.789889067501921893e+00
-2.027954825751009160e+00
-2.631523349965727121e+00
-1.929003464056433970e+00
-1.620362798524541681e+00
-2.342480633443199123e-01
-5.608236651006519302e-02
-3.847909313166202050e-02
-4.392868896476355423e-02
-5.092278035687618915e-02
-1.330271633518436691e-01
-4.010723300214824594e-02
-2.701019958022296205e-02
-4.401790315861690145e-02
-1.188884347167933897e-01
-3.331691037254520815e-02
-8.503899716822849175e-02
-4.653117718022364152e-02
-6.434178305347762472e-02
-4.407013358435574873e-02
-8.346176281511587247e-02
-4.115482008397842312e-02
-8.780972851045365513e-02
-4.729650484783790021e-02
-1.386751587276794928e-01
-7.469740984127949679e-02
-1.593907546193091274e-01
-6.583037496794293120e-02
-1.140415331888315204e-01
-5.852663539151198302e-02
-1.552946595081377557e-01
-6.729994501591871070e-02
-1.859192365076024478e-01
-2.314246790875767179e-01
-1.567042365715393126e-01
-1.978705911504128057e-01
-7.487209887138661368e-02
-2.314453995152535581e-01
-1.118477026598790336e-01
-9.435969181468070732e-02
-5.876073685855617845e-02
-8.680933335159093933e-02
-1.126282474660861288e-01
-1.672120225873929278e-01
-9.548985245684325773e-02
-1.642607176618784137e-01
-1.822846942883291910e-01
-2.284403684004007729e-01
-1.554764068452647585e-01
-2.142761222115538433e-01
-7.705079822103530485e-02
-8.860448894445316359e-02
-1.231787329023488475e-01
-1.213893913824291987e-01
-1.348123195051134926e-01
-1.377742778544131796e-01
-1.148831256257803468e-01
-7.601547633762269218e-02
