3.900000000000000000e+01
5.000000000000000000e+01
2.839000000000000000e+03
2.840000000000000000e+03
6.740000000000000000e+02
1.400000000000000000e+01
1.580000000000000000e+02
2.191000000000000000e+03
1.791000000000000000e+03
2.850000000000000000e+02
1.220000000000000000e+02
2.428000000000000000e+03
2.820000000000000000e+03
2.769000000000000000e+03
2.837000000000000000e+03
2.813000000000000000e+03
2.834000000000000000e+03
2.637000000000000000e+03
7.650000000000000000e+02
1.288000000000000000e+03
1.760000000000000000e+02
2.535000000000000000e+03
1.175000000000000000e+03
3.470000000000000000e+02
1.225000000000000000e+03
2.814000000000000000e+03
2.068000000000000000e+03
2.118000000000000000e+03
2.471000000000000000e+03
8.120000000000000000e+02
2.381000000000000000e+03
6.720000000000000000e+02
4.700000000000000000e+02
8.800000000000000000e+01
5.440000000000000000e+02
1.226000000000000000e+03
2.600000000000000000e+03
1.320000000000000000e+02
2.426000000000000000e+03
1.325000000000000000e+03
3.160000000000000000e+02
7.730000000000000000e+02
2.342000000000000000e+03
1.174000000000000000e+03
9.970000000000000000e+02
1.838000000000000000e+03
2.749000000000000000e+03
2.100000000000000000e+01
2.784000000000000000e+03
2.759000000000000000e+03
1.143000000000000000e+03
2.493000000000000000e+03
8.520000000000000000e+02
2.809000000000000000e+03
2.774000000000000000e+03
2.533000000000000000e+03
6.510000000000000000e+02
1.177000000000000000e+03
9.360000000000000000e+02
2.524000000000000000e+03
4.000000000000000000e+00
1.840000000000000000e+03
3.600000000000000000e+01
1.400000000000000000e+02
2.219000000000000000e+03
1.790000000000000000e+02
4.180000000000000000e+02
1.661000000000000000e+03
9.430000000000000000e+02
2.574000000000000000e+03
1.493000000000000000e+03
2.238000000000000000e+03
2.145000000000000000e+03
2.266000000000000000e+03
7.800000000000000000e+01
1.706000000000000000e+03
2.671000000000000000e+03
1.804000000000000000e+03
3.300000000000000000e+01
2.853000000000000000e+03
2.700000000000000000e+01
2.390000000000000000e+02
9.010000000000000000e+02
1.787000000000000000e+03
7.020000000000000000e+02
6.090000000000000000e+02
1.200000000000000000e+02
5.840000000000000000e+02
1.669000000000000000e+03
2.470000000000000000e+02
2.980000000000000000e+02
8.490000000000000000e+02
2.590000000000000000e+02
2.504000000000000000e+03
2.600000000000000000e+01
2.806000000000000000e+03
2.819000000000000000e+03
1.850000000000000000e+02
1.426000000000000000e+03
7.830000000000000000e+02
